,policy rate,reward rate,dec temp,subject
0,0.9241743,0.36481902,2.5594454,0
1,0.13724251,0.9978162,1.5501688,1
2,0.618867,0.6595107,3.3723755,2
3,0.40603215,0.2434704,3.410231,3
4,0.728207,0.321327,5.145505,4
5,0.74057347,0.6795237,1.9135957,5
6,0.54930115,0.38912678,2.073231,6
7,0.1484667,0.36484337,2.6234417,7
8,0.8031953,0.6279956,1.2539406,8
9,0.3200807,0.8110207,1.3863885,9
10,0.109894514,0.085605346,3.8636808,10
11,0.44931796,0.36878058,4.767112,11
12,0.1212589,0.16860451,3.8470662,12
13,0.3701081,0.1596519,2.3197045,13
14,0.20155722,0.35546455,2.8908339,14
15,0.10388336,0.20045218,2.2473297,15
16,0.19540967,0.254613,4.672957,16
17,0.68063617,0.45291954,3.7590766,17
18,0.20910382,0.23997405,3.0385027,18
19,0.52782243,0.20116849,3.4915814,19
20,0.12247343,0.06891884,5.1442013,20
21,0.518502,0.19843699,3.3478255,21
22,0.12742145,0.24565879,3.179247,22
23,0.7586301,0.8569808,1.2891483,23
24,0.51301384,0.38246262,4.8769183,0
25,0.1618595,0.7064235,1.3023598,1
26,0.82166106,0.6922473,4.8162804,2
27,0.34603763,0.25145513,3.664002,3
28,0.5988105,0.2914988,3.211005,4
29,0.608189,0.71478975,2.6589966,5
30,0.50415534,0.5295659,3.2243567,6
31,0.27965125,0.30672878,3.8053367,7
32,0.7311477,0.6400368,3.079363,8
33,0.3317103,0.65722847,2.7130473,9
34,0.2055925,0.029727824,3.919191,10
35,0.36425442,0.26303858,5.1937017,11
36,0.13064831,0.11652061,3.2499151,12
37,0.35670236,0.12130252,3.3345578,13
38,0.07480213,0.33618093,2.0154338,14
39,0.07811209,0.33084962,2.1402595,15
40,0.22776437,0.26696673,5.579811,16
41,0.5194616,0.3210315,3.5144043,17
42,0.14251399,0.10658519,6.702486,18
43,0.60352266,0.11918559,2.3045158,19
44,0.19723721,0.04367911,4.8683496,20
45,0.31559077,0.21204124,3.2004812,21
46,0.21186084,0.29477975,2.1962945,22
47,0.44990203,0.97907835,1.7036881,23
48,0.5229666,0.55080295,2.4094965,0
49,0.23358619,0.61013544,2.1821883,1
50,0.7048269,0.42085508,3.0730364,2
51,0.50893027,0.41098806,3.1446087,3
52,0.4380402,0.3145525,2.90068,4
53,0.5317415,0.6401338,2.2912252,5
54,0.5859024,0.6132125,2.5374343,6
55,0.35253495,0.3680025,4.469824,7
56,0.74910766,0.58190316,2.3807476,8
57,0.3263003,0.8257335,4.5598536,9
58,0.19046204,0.66430604,1.2483443,10
59,0.36323157,0.19182606,4.4066687,11
60,0.23776026,0.14519411,4.249456,12
61,0.3650874,0.21649219,2.6236649,13
62,0.1558692,0.5030133,2.6007497,14
63,0.09320355,0.0848252,2.641957,15
64,0.21024916,0.28613532,6.5497518,16
65,0.7042523,0.29499412,4.074529,17
66,0.14331602,0.16809705,5.7271976,18
67,0.6128787,0.22330995,2.2826626,19
68,0.2831714,0.39718285,2.1092286,20
69,0.20120093,0.24401882,2.9563818,21
70,0.14348452,0.16027613,6.184555,22
71,0.25023684,0.58352536,1.3122712,23
72,0.71304345,0.21801884,2.4658754,0
73,0.23760365,0.98085713,1.6015699,1
74,0.5929269,0.6081892,3.3818645,2
75,0.61709666,0.18909183,3.2476673,3
76,0.6387214,0.38314286,5.3706484,4
77,0.37788743,0.71419847,2.681955,5
78,0.30109268,0.4419698,2.1164618,6
79,0.29389906,0.24176474,3.6489127,7
80,0.85786754,0.7743918,1.6360209,8
81,0.24336064,0.75002474,3.984223,9
82,0.059261993,0.08843823,3.4160268,10
83,0.57317054,0.30878216,5.386755,11
84,0.21875182,0.08444535,4.085415,12
85,0.26043695,0.29147506,3.2162519,13
86,0.22485867,0.6720393,2.2319388,14
87,0.12684673,0.10990624,4.073139,15
88,0.22994034,0.28354377,4.0474157,16
89,0.5312802,0.4227725,4.177418,17
90,0.25895834,0.10668065,6.4547577,18
91,0.43811816,0.24980073,4.224946,19
92,0.114248656,0.014291926,5.5076704,20
93,0.38018528,0.27526638,5.0559015,21
94,0.17470069,0.15932555,4.0023274,22
95,0.15330043,0.7607311,2.497107,23
96,0.46934485,0.5054514,3.2395573,0
97,0.11053848,0.24883193,1.7283268,1
98,0.6917855,0.69017035,5.5291567,2
99,0.43316278,0.521246,2.638165,3
100,0.58623666,0.4143453,5.0883093,4
101,0.6320608,0.53457725,1.9260569,5
102,0.8526793,0.14301267,1.713549,6
103,0.27602088,0.20126544,2.3829727,7
104,0.72617143,0.72474444,1.4118805,8
105,0.21731566,0.6263943,2.0685754,9
106,0.061689332,0.20332818,2.3879547,10
107,0.4629671,0.31586787,6.176174,11
108,0.14710005,0.162359,4.7852573,12
109,0.33505675,0.17543939,5.069522,13
110,0.09927764,0.54912716,2.4234369,14
111,0.07225003,0.48961207,2.6281557,15
112,0.34838298,0.15490764,4.189331,16
113,0.84826744,0.2409633,2.6710713,17
114,0.1789316,0.13737826,5.864482,18
115,0.6455102,0.3636191,3.9023204,19
116,0.12492911,0.27225932,3.537912,20
117,0.5426409,0.10828243,3.8906872,21
118,0.15100189,0.15962537,3.093216,22
119,0.2836687,0.5020569,1.5647739,23
120,0.80659586,0.24287708,3.3832574,0
121,0.24614558,0.018323127,2.7313895,1
122,0.6556639,0.7317461,2.4524817,2
123,0.68678105,0.5359787,4.607758,3
124,0.58916825,0.43315804,4.3433323,4
125,0.6621962,0.66002876,3.158398,5
126,0.49138787,0.67758113,3.1592364,6
127,0.27897352,0.29914087,2.1893647,7
128,0.56915754,0.72879255,2.0870237,8
129,0.4072456,0.80356956,2.2340367,9
130,0.21433765,0.113808885,1.6956911,10
131,0.28216162,0.32198837,4.931185,11
132,0.11151161,0.30828148,3.9758449,12
133,0.20222445,0.23420179,2.9128551,13
134,0.190945,0.31532955,3.4291186,14
135,0.16389813,0.90698755,0.72633564,15
136,0.29141775,0.3678639,5.4919996,16
137,0.76500404,0.4469009,3.084918,17
138,0.1447318,0.12998159,7.541447,18
139,0.6828957,0.21073088,3.1687806,19
140,0.15993464,0.5774582,1.707053,20
141,0.37593812,0.1189089,3.6001596,21
142,0.14629808,0.21073723,3.0982244,22
143,0.45323473,0.94165677,0.7350972,23
144,0.82603765,0.26009384,2.4788399,0
145,0.3132856,0.6803512,1.1432804,1
146,0.64804,0.45287117,5.8967423,2
147,0.25270417,0.41512367,3.5721478,3
148,0.7840148,0.3632069,4.394729,4
149,0.5131109,0.42498633,2.1811726,5
150,0.52251315,0.6881554,3.9891844,6
151,0.3757216,0.3775393,1.9129909,7
152,0.6894466,0.8689032,2.1652336,8
153,0.4420448,0.80090976,3.664568,9
154,0.09002445,0.0046840315,3.3989885,10
155,0.38332313,0.2989526,4.332289,11
156,0.16387787,0.111310385,5.6391077,12
157,0.2772545,0.14970158,3.3705065,13
158,0.26326913,0.28331402,3.767916,14
159,0.10478678,0.030072453,6.163642,15
160,0.27536485,0.30846557,4.666101,16
161,0.729035,0.5666208,3.404703,17
162,0.14593142,0.14809981,7.6201177,18
163,0.8226966,0.22356662,2.3767753,19
164,0.18684477,0.22812463,2.707179,20
165,0.42278937,0.14067239,3.0587995,21
166,0.12402156,0.09508159,4.13994,22
167,0.25422895,0.6822039,1.2575843,23
168,0.77224255,0.4993011,3.5407214,0
169,0.15219352,0.8714077,2.0513425,1
170,0.7410654,0.5032086,3.8364344,2
171,0.36105502,0.5654952,4.517635,3
172,0.7036617,0.35164315,5.685039,4
173,0.6104169,0.6003752,1.4857126,5
174,0.60878694,0.5776424,3.1216917,6
175,0.39506924,0.4062789,4.8034716,7
176,0.87911576,0.69440085,1.7259457,8
177,0.30676135,0.86864024,3.0658948,9
178,0.24667548,0.27251408,1.9386568,10
179,0.5422209,0.32488725,5.2756314,11
180,0.1349946,0.19183454,6.2570577,12
181,0.39670274,0.22338785,5.406764,13
182,0.1636856,0.54426354,2.0370164,14
183,0.1776961,0.03689977,3.7631917,15
184,0.15559223,0.21771096,3.7052288,16
185,0.85636103,0.24703124,2.632101,17
186,0.17104416,0.17705339,4.663623,18
187,0.7123277,0.45597535,2.170507,19
188,0.102307335,0.7339294,0.99894816,20
189,0.39031547,0.2912631,3.2548585,21
190,0.2391263,0.19341895,2.1145687,22
191,0.2366297,0.82922864,1.5982789,23
192,0.83901644,0.16398734,2.7686965,0
193,0.09813122,0.6756512,1.2843194,1
194,0.60464287,0.7206103,4.028955,2
195,0.44544464,0.24962957,3.8332865,3
196,0.567119,0.36188102,4.621591,4
197,0.4798957,0.50322104,1.4771813,5
198,0.5665282,0.62892324,3.4750047,6
199,0.30452096,0.25029564,3.4231124,7
200,0.7657622,0.63875693,1.9733891,8
201,0.35592106,0.5928999,2.1752827,9
202,0.27255505,0.051585887,1.3955932,10
203,0.32420194,0.321874,3.7761137,11
204,0.09616993,0.1920771,3.2892613,12
205,0.30094522,0.31735507,4.498643,13
206,0.21002048,0.46364412,2.3080494,14
207,0.1913924,0.0015128346,6.0635753,15
208,0.22850926,0.29441154,6.07207,16
209,0.6563301,0.29178774,3.2548783,17
210,0.11622093,0.29493657,4.736765,18
211,0.7490486,0.11358271,2.633847,19
212,0.23061424,0.03599001,4.5182323,20
213,0.67685735,0.22269982,4.1385517,21
214,0.14738925,0.18725534,3.4845023,22
215,0.03483278,0.25253567,2.2943738,23
216,0.6657334,0.27200386,2.4766185,0
217,0.097038284,0.818934,2.4728093,1
218,0.7187099,0.6602663,5.190642,2
219,0.43248695,0.2444514,4.7037935,3
220,0.41832644,0.5184542,4.9245043,4
221,0.5309076,0.41276345,2.2298152,5
222,0.7515672,0.54146755,2.333902,6
223,0.1383061,0.32254118,3.1264887,7
224,0.6659058,0.8579607,1.7205997,8
225,0.43310034,0.5887164,1.5947306,9
226,0.057971783,0.35789254,1.9645666,10
227,0.35859346,0.24412839,3.9610896,11
228,0.06577997,0.16572444,4.740123,12
229,0.38494918,0.2540513,4.0143685,13
230,0.1273213,0.38341457,1.6937566,14
231,0.17538802,0.008903764,4.6980567,15
232,0.20239615,0.16188641,4.646762,16
233,0.5752738,0.46735245,2.9381273,17
234,0.31703386,0.06850493,7.2809863,18
235,0.47734505,0.27807695,3.3526335,19
236,0.16263454,0.21879818,1.3525348,20
237,0.30864114,0.2926463,4.309127,21
238,0.1161049,0.17390212,2.40321,22
239,0.19053094,0.90781313,1.743849,23
240,0.4377962,0.40659666,4.3247743,0
241,0.15652774,0.90087605,1.2780917,1
242,0.79141843,0.6215178,5.476453,2
243,0.21515818,0.42431322,3.2076812,3
244,0.5633977,0.44506356,4.6003227,4
245,0.43779472,0.6445694,2.1827679,5
246,0.32074562,0.6658885,2.4839454,6
247,0.30503172,0.42301223,4.717914,7
248,0.83859855,0.77157336,1.8135864,8
249,0.18618792,0.69226265,1.4189112,9
250,0.06505349,0.595347,1.1145881,10
251,0.44149652,0.18183525,6.0192995,11
252,0.07406503,0.1489774,5.4401393,12
253,0.40192434,0.14398189,4.7156563,13
254,0.14902343,0.4845669,2.7689397,14
255,0.12687577,0.50207573,2.2488225,15
256,0.24481913,0.29127786,4.8065844,16
257,0.6249245,0.43713483,2.577783,17
258,0.19103682,0.16265333,5.0361533,18
259,0.7392939,0.30373642,2.718391,19
260,0.09293437,0.08565907,4.5005426,20
261,0.41977268,0.2375256,3.9418757,21
262,0.09728989,0.19377257,5.191338,22
263,0.32883394,0.8721017,1.4809775,23
264,0.5628424,0.60172963,4.672064,0
265,0.14542784,0.9733378,1.5876485,1
266,0.6915464,0.58448744,4.268943,2
267,0.5987815,0.29103342,4.018368,3
268,0.5731643,0.3322945,3.5152225,4
269,0.51761836,0.7117415,3.186107,5
270,0.3193502,0.6186749,3.6732414,6
271,0.23862943,0.29894528,2.0903983,7
272,0.81082577,0.45525655,1.3626649,8
273,0.26806942,0.8610078,3.1865027,9
274,0.042787105,0.49744967,1.336827,10
275,0.5645669,0.32133627,4.103566,11
276,0.19547904,0.123847045,4.7262278,12
277,0.28998697,0.36621076,5.352312,13
278,0.15464756,0.4353803,3.2817886,14
279,0.27646664,0.0072444174,5.1602864,15
280,0.1808317,0.30943328,5.6330132,16
281,0.9025607,0.5120763,4.460564,17
282,0.16674757,0.11734011,5.1924324,18
283,0.80418825,0.15023617,4.062994,19
284,0.111982435,0.17643109,2.9474607,20
285,0.49822414,0.22269511,4.4262404,21
286,0.11452861,0.21356909,3.4275951,22
287,0.36986926,0.93164074,1.437088,23
288,0.72056234,0.41793516,4.347599,0
289,0.09074229,0.13732359,2.4411676,1
290,0.703499,0.5361153,2.9000509,2
291,0.33998343,0.36737612,4.070016,3
292,0.7648742,0.34964824,4.1614475,4
293,0.4992079,0.46686158,1.6615963,5
294,0.86987126,0.5657471,2.6609352,6
295,0.30557075,0.23792845,2.553878,7
296,0.60710037,0.85440814,2.1616628,8
297,0.20728937,0.85847884,3.7613602,9
298,0.2516229,0.019207861,3.114712,10
299,0.49721608,0.27844372,6.0908146,11
300,0.11457151,0.10400016,3.185648,12
301,0.33410206,0.18799277,3.2730546,13
302,0.26970986,0.49270627,2.8479419,14
303,0.048034113,0.93541247,0.7575729,15
304,0.12527846,0.35002044,4.545186,16
305,0.7532458,0.39966968,2.4736247,17
306,0.19158807,0.11175874,5.7998667,18
307,0.80573463,0.23887236,3.5478833,19
308,0.17302953,0.11983068,2.7966154,20
309,0.31769073,0.20966366,3.6623492,21
310,0.17146474,0.14341627,3.819787,22
311,0.4683174,0.7827608,1.851912,23
312,0.6721622,0.11863985,2.9437084,0
313,0.10836494,0.16889514,2.5433137,1
314,0.58568597,0.7470852,4.3109517,2
315,0.4259475,0.2522976,3.9196033,3
316,0.58442694,0.25860226,5.316339,4
317,0.53222716,0.5948787,3.4032726,5
318,0.6015716,0.63543767,3.3200338,6
319,0.105319306,0.2811077,2.5956485,7
320,0.7029357,0.72753173,3.8461504,8
321,0.2444308,0.551642,2.7486725,9
322,0.039367948,0.6930667,1.3734171,10
323,0.39510137,0.21820372,6.333624,11
324,0.11907469,0.08053366,5.5720835,12
325,0.3224579,0.18175365,4.308076,13
326,0.111745715,0.49900112,2.8193448,14
327,0.094188094,0.13312571,2.305576,15
328,0.29970738,0.35177848,6.821976,16
329,0.7920051,0.45518056,3.5331106,17
330,0.23457651,0.18687952,6.1242967,18
331,0.55913115,0.36130807,3.8759577,19
332,0.15635234,0.09515253,4.0492926,20
333,0.58929384,0.19884641,5.008217,21
334,0.14296773,0.1886558,5.0090685,22
335,0.14142281,0.72362584,1.6062629,23
336,0.63676417,0.35291365,3.3870375,0
337,0.22776622,0.88478905,1.0102683,1
338,0.75302464,0.8174755,4.0630383,2
339,0.22629438,0.49848944,5.3728905,3
340,0.5102118,0.3789701,5.5763745,4
341,0.5468078,0.83295435,3.3200428,5
342,0.2933995,0.5660988,3.1675742,6
343,0.2947237,0.33251786,3.8945932,7
344,0.79316574,0.47827446,3.18936,8
345,0.25572267,0.7546807,2.0488749,9
346,0.10385136,0.11192174,1.2645591,10
347,0.4469733,0.2826688,5.920946,11
348,0.08177228,0.30137345,4.8377275,12
349,0.47293675,0.20473315,4.2088037,13
350,0.15144335,0.40658587,1.9787483,14
351,0.052511968,0.88031095,1.5606397,15
352,0.24754094,0.17096435,3.660521,16
353,0.75228316,0.42991245,4.2541094,17
354,0.24804641,0.07990617,5.237529,18
355,0.625778,0.56359375,4.539862,19
356,0.08017471,0.023225622,5.575233,20
357,0.41593564,0.1964674,3.1585815,21
358,0.09027289,0.12599877,4.948229,22
359,0.4067715,0.81902564,1.3724082,23
360,0.5440146,0.39113602,6.0136933,0
361,0.17742524,0.65777117,1.3901865,1
362,0.75331956,0.62212265,4.729837,2
363,0.32931426,0.2978421,3.409991,3
364,0.59923536,0.3473355,5.2156157,4
365,0.55852616,0.6269726,1.0688139,5
366,0.5739137,0.66113067,2.566855,6
367,0.3249909,0.5492486,3.680905,7
368,0.66200364,0.7699341,2.0279236,8
369,0.39930853,0.57952124,2.0630279,9
370,0.24360318,0.20733221,2.0692637,10
371,0.22023344,0.22861303,4.2900143,11
372,0.09156888,0.22135867,5.515392,12
373,0.24862313,0.19246584,3.9510443,13
374,0.11941603,0.32585874,2.4447374,14
375,0.054935668,0.4873556,1.6578661,15
376,0.15556934,0.2564721,4.208786,16
377,0.6867309,0.20534697,2.6335907,17
378,0.20765209,0.2406607,5.1863093,18
379,0.5104527,0.24261506,3.5229788,19
380,0.1354949,0.03103084,4.552826,20
381,0.29385626,0.21015324,4.321007,21
382,0.16434364,0.24380516,3.0501943,22
383,0.23299748,0.6332534,1.8429899,23
384,0.8422584,0.17504396,2.8159068,0
385,0.05465111,0.023939991,2.649218,1
386,0.77885556,0.7070183,5.429985,2
387,0.67271185,0.28804407,4.5224886,3
388,0.7220594,0.2896555,4.710186,4
389,0.5355062,0.28947887,1.5015078,5
390,0.6239602,0.68097055,3.1475184,6
391,0.27482286,0.35079145,2.8884575,7
392,0.7874421,0.65313655,1.1724632,8
393,0.19219893,0.63963133,2.4618592,9
394,0.14573775,0.14160022,3.1320083,10
395,0.36117268,0.20147344,4.699842,11
396,0.1530059,0.07316613,3.9576294,12
397,0.27328146,0.37631205,2.7352247,13
398,0.14681317,0.34630385,2.334043,14
399,0.16114129,0.01386164,2.8360238,15
400,0.21763693,0.29594222,4.907304,16
401,0.8147868,0.42250302,3.1840312,17
402,0.1777129,0.27805862,5.33628,18
403,0.5896123,0.12373188,2.9902534,19
404,0.11487872,0.00892169,6.628814,20
405,0.2582203,0.33280283,4.360268,21
406,0.16942851,0.08764906,5.2213006,22
407,0.4354095,0.70183223,1.6159428,23
408,0.7672637,0.45062947,3.9235168,0
409,0.1603384,0.8461905,1.1041857,1
410,0.74564767,0.7093147,4.2423615,2
411,0.36446398,0.23999292,2.4133363,3
412,0.62029153,0.34242734,5.336017,4
413,0.55478907,0.21440358,1.3553705,5
414,0.30726352,0.5102759,2.5538049,6
415,0.30243853,0.19710673,3.5413356,7
416,0.72077644,0.6693983,1.755039,8
417,0.41436282,0.7296235,1.6092355,9
418,0.25176054,0.005016635,4.7969394,10
419,0.38782126,0.2776706,4.284882,11
420,0.23143424,0.10772085,4.544727,12
421,0.38217354,0.33059806,4.071738,13
422,0.2170816,0.31869242,4.163185,14
423,0.23869312,0.020327577,3.6327064,15
424,0.16016306,0.2574466,3.4537888,16
425,0.58687556,0.51747596,5.419978,17
426,0.17296621,0.10002081,5.344209,18
427,0.725962,0.23358601,5.686392,19
428,0.104350686,0.13687086,4.1446133,20
429,0.502113,0.1032285,3.2141194,21
430,0.2424261,0.2333893,2.1090581,22
431,0.033438645,0.23251912,2.142618,23
432,0.81745356,0.25978824,2.4728754,0
433,0.15418556,0.7144892,1.3833833,1
434,0.7078925,0.66120607,4.1325836,2
435,0.33765033,0.40015647,3.995058,3
436,0.55292255,0.36386418,4.43945,4
437,0.69276416,0.5811151,1.6911781,5
438,0.53796524,0.58184963,3.77902,6
439,0.34259668,0.53308403,2.424465,7
440,0.67917573,0.67643344,2.446182,8
441,0.42517227,0.8109586,2.2483485,9
442,0.06675203,0.6441505,0.8533546,10
443,0.5178064,0.32704437,5.014061,11
444,0.1392017,0.18259332,4.5348787,12
445,0.4887632,0.13218975,2.7966688,13
446,0.17161536,0.30862886,1.5959003,14
447,0.13803746,0.5539047,3.1447282,15
448,0.18461855,0.2392106,5.699271,16
449,0.570706,0.4870543,4.0276284,17
450,0.1953745,0.12639084,4.8655787,18
451,0.73028535,0.42435792,2.661738,19
452,0.113385946,0.12616706,3.6347928,20
453,0.39488935,0.17900679,4.5186806,21
454,0.13962449,0.2381718,3.1353161,22
455,0.22239439,0.9655411,0.9284875,23
456,0.53098136,0.20683827,2.5993397,0
457,0.121233426,0.31595564,0.87006843,1
458,0.8018756,0.58729327,4.259042,2
459,0.26285848,0.38424268,3.8942888,3
460,0.6587922,0.28614533,4.601217,4
461,0.47452578,0.6522374,3.037343,5
462,0.5568617,0.5869898,2.2738087,6
463,0.17876479,0.36221832,3.011254,7
464,0.6971332,0.79270625,1.872754,8
465,0.35478857,0.6145565,2.8922107,9
466,0.272591,0.050655488,3.5059881,10
467,0.50855154,0.30357218,4.7362185,11
468,0.069870986,0.13418376,4.907157,12
469,0.34608862,0.19819924,3.2865512,13
470,0.23679848,0.55356145,3.6737795,14
471,0.15134047,0.040813897,3.8830423,15
472,0.17097121,0.27717063,6.0736294,16
473,0.72083825,0.41583484,2.792469,17
474,0.14815807,0.23329197,4.1931243,18
475,0.6638714,0.15993251,2.0149517,19
476,0.10344683,0.41342655,1.618433,20
477,0.43822443,0.135221,3.1646285,21
478,0.10523907,0.08210515,3.6294518,22
479,0.34137225,0.6539081,1.8939108,23
480,0.7338919,0.36500403,2.38894,0
481,0.11923622,0.98905283,1.8009388,1
482,0.71737045,0.7666088,3.861714,2
483,0.23370977,0.37885645,3.4295557,3
484,0.6219219,0.35393167,5.8649993,4
485,0.5814013,0.46598324,2.723315,5
486,0.32360107,0.5273829,2.684019,6
487,0.20069435,0.2895874,2.6861856,7
488,0.8439161,0.6998109,1.3960396,8
489,0.34981886,0.77385813,1.8802121,9
490,0.43931532,0.008601938,3.3312807,10
491,0.2672579,0.34643465,4.435759,11
492,0.11554494,0.18585403,4.3400993,12
493,0.4656686,0.36911803,4.632865,13
494,0.18570732,0.48407716,3.3296454,14
495,0.19907607,0.46970353,1.6101288,15
496,0.21125874,0.37957639,5.646557,16
497,0.746916,0.31976724,3.5803246,17
498,0.11829488,0.25570744,7.017734,18
499,0.6808914,0.42628646,4.223381,19
500,0.07169296,0.2383521,2.658813,20
501,0.5627799,0.18180537,3.6882946,21
502,0.14438446,0.1836549,3.7497978,22
503,0.19653165,0.41739547,2.2660532,23
504,0.34776002,0.28350237,4.379216,0
505,0.17183976,0.959793,2.1081011,1
506,0.64286125,0.42807898,3.5547993,2
507,0.37390846,0.33421326,3.9959118,3
508,0.6602569,0.3574489,4.65562,4
509,0.5021105,0.65184516,2.477179,5
510,0.64425707,0.4358653,2.861527,6
511,0.17437574,0.39730203,2.1735756,7
512,0.84934133,0.8482492,1.8735253,8
513,0.22682576,0.67672676,2.115345,9
514,0.19670212,0.17473112,3.24328,10
515,0.4389284,0.3834835,4.534063,11
516,0.13535623,0.15862928,3.7440503,12
517,0.42543322,0.15740256,2.7288911,13
518,0.1846129,0.38308576,1.6980865,14
519,0.10376441,0.08389764,2.80859,15
520,0.24338663,0.23266251,5.958212,16
521,0.67394745,0.3945017,3.2158291,17
522,0.2674441,0.11731449,7.762017,18
523,0.63898295,0.1784432,2.0594294,19
524,0.13387023,0.24003795,3.5189483,20
525,0.50869906,0.09919872,3.1811068,21
526,0.09538517,0.16902806,3.8757598,22
527,0.26663527,0.6714094,2.1315985,23
528,0.7945345,0.6472651,4.133008,0
529,0.12198463,0.4233064,1.7918556,1
530,0.8037796,0.71921766,3.9618025,2
531,0.524385,0.35169843,4.560409,3
532,0.6799924,0.2801895,4.852749,4
533,0.43078512,0.5724836,2.1173646,5
534,0.4234489,0.58580804,3.437252,6
535,0.23650987,0.35003018,2.7647524,7
536,0.80891603,0.68297195,1.661344,8
537,0.22427294,0.3881082,1.22022,9
538,0.18129851,0.016297562,1.4018399,10
539,0.3193274,0.4066763,3.775754,11
540,0.15245281,0.1285265,4.2332535,12
541,0.33055532,0.24925852,2.4949474,13
542,0.22986117,0.40234157,2.6950052,14
543,0.20111215,0.0052349092,5.853935,15
544,0.15254043,0.36168513,5.312583,16
545,0.60957164,0.5351689,3.7019758,17
546,0.22144601,0.32494077,4.6725674,18
547,0.682718,0.2799061,2.922151,19
548,0.11636277,0.40670347,2.056535,20
549,0.5006029,0.20485513,4.490374,21
550,0.14631604,0.18927139,1.7132227,22
551,0.04568915,0.20758669,2.468515,23
552,0.58578616,0.38118422,3.2834253,0
553,0.16559051,0.10498272,2.5453231,1
554,0.7630145,0.51980203,3.0271957,2
555,0.23532255,0.38059074,3.70764,3
556,0.50250727,0.42815027,4.6101255,4
557,0.5186228,0.46875674,2.1187534,5
558,0.2547366,0.5186759,3.2396226,6
559,0.49688333,0.2847562,2.4817016,7
560,0.74271417,0.67234343,1.4564245,8
561,0.41122046,0.57058907,2.2867079,9
562,0.36947632,0.3934039,1.7568113,10
563,0.4166551,0.30904692,5.0516644,11
564,0.09233704,0.16675971,5.48428,12
565,0.28085563,0.17086685,3.2082973,13
566,0.15976636,0.45770618,2.819266,14
567,0.30907357,0.4079525,1.7672454,15
568,0.33936897,0.28995904,5.2185764,16
569,0.6732175,0.687604,5.398009,17
570,0.19893697,0.24696228,5.9785776,18
571,0.7284039,0.15733841,2.6967325,19
572,0.1860007,0.12064024,3.1116233,20
573,0.36072835,0.19825889,3.1093464,21
574,0.11715564,0.1793996,3.3619409,22
575,0.051310077,0.52746165,2.7543845,23
576,0.58968246,0.19487011,2.9380429,0
577,0.11486541,0.9498173,1.1366763,1
578,0.5761138,0.73711926,6.2726736,2
579,0.48754254,0.2649309,1.9966041,3
580,0.6887796,0.3428463,5.4935503,4
581,0.5444914,0.43232173,2.6274195,5
582,0.6247188,0.6846146,3.0918622,6
583,0.3025591,0.5578085,3.4199646,7
584,0.8418201,0.3982955,1.7913412,8
585,0.29057297,0.50164765,1.8276507,9
586,0.21418533,0.10734044,2.8888783,10
587,0.39679188,0.37763926,5.7007275,11
588,0.102611154,0.17299451,4.405019,12
589,0.34077027,0.13678925,4.0530415,13
590,0.23854357,0.5309534,2.0049124,14
591,0.08756365,0.0091593,5.0854836,15
592,0.31216544,0.27192217,4.376772,16
593,0.79213065,0.4818022,2.882504,17
594,0.1844341,0.121928744,5.610959,18
595,0.75610673,0.30030194,3.2649493,19
596,0.09476177,0.12122664,2.1687105,20
597,0.2691388,0.33420968,3.3365908,21
598,0.19758753,0.23051938,2.3777003,22
599,0.84586525,0.9250785,0.5266898,23
600,0.7447729,0.29204392,3.1726665,0
601,0.12193487,0.04138765,2.8051682,1
602,0.88144493,0.5627746,3.404566,2
603,0.54515505,0.31907406,2.5493836,3
604,0.32477045,0.43002898,5.512228,4
605,0.43758976,0.6141575,3.1927805,5
606,0.7286461,0.5070402,3.451297,6
607,0.29525337,0.26928052,3.889673,7
608,0.70779127,0.458572,1.1446801,8
609,0.21356088,0.90105474,1.9462413,9
610,0.11250497,0.031652685,2.3381832,10
611,0.4934301,0.25163916,7.408252,11
612,0.1652829,0.11958554,5.836788,12
613,0.40928242,0.3181135,3.436797,13
614,0.117163375,0.5768671,2.9699705,14
615,0.12084997,0.007153601,6.8209414,15
616,0.13960177,0.30077443,4.308551,16
617,0.66750854,0.37394148,3.5885587,17
618,0.20084687,0.1744698,5.587186,18
619,0.7092454,0.21188465,3.046537,19
620,0.056749225,0.2444479,2.4450054,20
621,0.26446956,0.23568846,3.7945435,21
622,0.22215433,0.16704269,3.0567012,22
623,0.07708638,0.8544305,1.6808802,23
624,0.6457486,0.39078987,3.7696662,0
625,0.11115343,0.1725957,1.5234345,1
626,0.65975416,0.52287066,2.348027,2
627,0.3390458,0.4425942,3.531702,3
628,0.71946037,0.36679032,4.068932,4
629,0.5719824,0.62284887,2.0239713,5
630,0.6008801,0.55333555,2.7741203,6
631,0.18124256,0.26882195,3.4859297,7
632,0.75777006,0.63621134,1.1743493,8
633,0.24058086,0.8318927,2.6838331,9
634,0.03994008,0.77782464,1.2953479,10
635,0.2457223,0.2762569,4.2415767,11
636,0.07924445,0.13944714,5.301876,12
637,0.38813105,0.18011136,3.3765957,13
638,0.19433948,0.37938386,2.745789,14
639,0.095647424,0.4576746,3.1514187,15
640,0.18660937,0.37972432,5.84059,16
641,0.4985719,0.5015474,3.442278,17
642,0.20729597,0.18520665,6.916282,18
643,0.4918726,0.415299,1.7488577,19
644,0.14101222,0.12662159,3.6140952,20
645,0.5099597,0.32716078,3.6056411,21
646,0.055662822,0.15344287,4.822431,22
647,0.5062969,0.676934,1.4239837,23
648,0.816402,0.33430588,3.8282788,0
649,0.13728349,0.014984116,1.0927315,1
650,0.7674162,0.56468666,3.700539,2
651,0.3046166,0.22926465,2.1121733,3
652,0.6748643,0.395875,4.2177634,4
653,0.7027161,0.65080005,2.1361651,5
654,0.37100363,0.52204794,1.6532922,6
655,0.25722983,0.46887103,3.4041467,7
656,0.7918712,0.40649217,1.6623603,8
657,0.24769759,0.7937133,2.5775547,9
658,0.10773139,0.3656707,1.3203928,10
659,0.490138,0.18848671,5.9224744,11
660,0.19109638,0.20725635,5.0179005,12
661,0.36981186,0.22602761,3.553438,13
662,0.17067908,0.5139024,4.8905478,14
663,0.26805595,0.0053639445,4.7834272,15
664,0.12773141,0.35762867,5.7302656,16
665,0.6853046,0.3501044,3.9391992,17
666,0.2134601,0.2028894,5.4990416,18
667,0.74724734,0.26143402,3.675964,19
668,0.08103036,0.16957787,3.1906137,20
669,0.32478952,0.1552381,3.1897373,21
670,0.13785249,0.13263348,4.5068245,22
671,0.079831004,0.6281596,2.8753436,23
672,0.71169865,0.18351552,2.803378,0
673,0.13655417,0.77985704,1.8757043,1
674,0.6827462,0.6350121,5.206036,2
675,0.3542483,0.50287193,3.0779853,3
676,0.5498285,0.3610399,5.3917017,4
677,0.50279427,0.7882845,2.0550144,5
678,0.62969834,0.6654391,3.628105,6
679,0.2887638,0.34571508,2.3934827,7
680,0.8089988,0.7446875,1.852519,8
681,0.33383548,0.6496386,2.9131868,9
682,0.09459984,0.78801906,0.8843862,10
683,0.2945144,0.18903987,3.828856,11
684,0.33191186,0.11200533,4.7872243,12
685,0.316697,0.3821243,4.260069,13
686,0.2828539,0.52633876,3.4855719,14
687,0.0406282,0.004895052,4.4529095,15
688,0.09799855,0.33894593,4.7727175,16
689,0.69558626,0.39345232,3.7094154,17
690,0.22789136,0.14589056,5.21508,18
691,0.5133429,0.10615248,3.8426561,19
692,0.08935036,0.307095,2.073427,20
693,0.52153224,0.24066468,3.2167177,21
694,0.19530389,0.24606639,2.0214362,22
695,0.034805432,0.30218014,3.3909535,23
696,0.74356836,0.33235484,2.8123329,0
697,0.1478523,0.47282523,2.9326103,1
698,0.42964795,0.5781249,4.210451,2
699,0.38899466,0.27460593,3.01724,3
700,0.7547699,0.27938268,2.8330832,4
701,0.54481643,0.43193942,3.112106,5
702,0.64675266,0.76674354,5.332283,6
703,0.26484814,0.41079378,4.0556517,7
704,0.84629023,0.8427104,2.0185456,8
705,0.4096225,0.3634512,2.920792,9
706,0.030396136,0.03054543,2.0878062,10
707,0.38618103,0.3035785,5.661242,11
708,0.15273221,0.25026152,4.2237816,12
709,0.23063606,0.23649485,3.9043336,13
710,0.19140269,0.46017048,2.9995964,14
711,0.035796333,0.1555118,3.6607966,15
712,0.16196088,0.21740729,4.985066,16
713,0.645719,0.6413003,4.274283,17
714,0.18440224,0.18263187,5.763616,18
715,0.6800589,0.29489234,3.273428,19
716,0.23306,0.12663122,2.630206,20
717,0.3078314,0.26945665,2.6469426,21
718,0.15519468,0.1318731,3.7520156,22
719,0.051261034,0.77086043,1.957469,23
720,0.7591579,0.32073936,3.973155,0
721,0.22464165,0.0024949638,1.3912432,1
722,0.7243701,0.7690764,4.970888,2
723,0.58963156,0.36706215,3.6243498,3
724,0.49278778,0.3153436,4.149703,4
725,0.20511593,0.47216722,1.494748,5
726,0.34539017,0.43206817,2.8510966,6
727,0.25349554,0.17941876,3.4084918,7
728,0.7429592,0.73745537,1.0867727,8
729,0.39133272,0.32611674,1.9279454,9
730,0.10687094,0.6795942,1.1198026,10
731,0.36800596,0.23735318,7.35231,11
732,0.21896575,0.20541456,3.5259318,12
733,0.37349433,0.19830307,3.5950305,13
734,0.1713257,0.38265863,2.109811,14
735,0.13054976,0.0030068592,4.678793,15
736,0.2292935,0.16201055,4.112958,16
737,0.59189755,0.63320774,3.3444018,17
738,0.17812265,0.21915491,6.7644267,18
739,0.8499148,0.12976281,2.2017643,19
740,0.15290305,0.34148222,1.6306962,20
741,0.30066478,0.25493598,3.0471394,21
742,0.13485073,0.24984941,3.446073,22
743,0.4976701,0.78581065,0.92739075,23
744,0.6085058,0.6162459,3.7701154,0
745,0.0515499,0.890355,3.376056,1
746,0.6624256,0.6434687,3.0256977,2
747,0.27050012,0.27751398,4.127891,3
748,0.69048804,0.34264785,3.5685363,4
749,0.4072314,0.46610665,2.1988966,5
750,0.74718547,0.71505845,2.168964,6
751,0.19856459,0.3917166,3.733896,7
752,0.77587396,0.53034806,1.1180265,8
753,0.49382168,0.60644853,2.43592,9
754,0.085969836,0.03265327,2.2860363,10
755,0.6807503,0.25233835,4.9535675,11
756,0.11941963,0.19423464,5.692588,12
757,0.37275296,0.14859673,3.8955154,13
758,0.11737698,0.3492813,2.6167865,14
759,0.24781825,0.14563672,2.0816445,15
760,0.18114024,0.33608195,3.839541,16
761,0.9100568,0.41508573,2.5366578,17
762,0.17833795,0.12907703,5.9128675,18
763,0.69856906,0.26501355,3.5747564,19
764,0.20849343,0.045476735,4.579325,20
765,0.4435741,0.22046416,4.2381263,21
766,0.1498413,0.19038835,3.5257254,22
767,0.18365109,0.83660704,1.1913778,23
768,0.56024194,0.45587763,4.6558414,0
769,0.12278801,0.063815214,1.8701663,1
770,0.803946,0.43613744,4.0301433,2
771,0.2425487,0.38902867,2.9684658,3
772,0.60920095,0.36919343,4.884685,4
773,0.45806518,0.5986224,1.4078927,5
774,0.3696141,0.7351071,2.8080435,6
775,0.40129882,0.2735371,2.148395,7
776,0.83330035,0.83322096,1.7265153,8
777,0.49524486,0.75894624,1.9442544,9
778,0.18562959,0.044482376,2.3049242,10
779,0.46533537,0.25141704,4.664998,11
780,0.031285476,0.3678948,5.584735,12
781,0.41853878,0.25748485,2.6136568,13
782,0.17849056,0.43352365,2.686005,14
783,0.16305713,0.005975689,6.4035425,15
784,0.30595052,0.24025337,3.353851,16
785,0.7305023,0.56770146,3.6485152,17
786,0.17258382,0.16033205,4.486608,18
787,0.702416,0.32252085,2.7809114,19
788,0.22886108,0.010210471,6.424227,20
789,0.5037606,0.29312354,5.3580184,21
790,0.10709076,0.24136068,3.1856158,22
791,0.48182732,0.7729186,1.1793519,23
792,0.6176386,0.25083563,3.292922,0
793,0.12185788,0.47198296,1.8563377,1
794,0.82872534,0.53072006,3.9487956,2
795,0.41689327,0.3609374,2.5427554,3
796,0.78250897,0.27460355,4.043221,4
797,0.5813158,0.7180544,2.1056197,5
798,0.49435365,0.58160657,2.9279397,6
799,0.22154249,0.19828483,2.9902914,7
800,0.6495148,0.52523875,1.8241625,8
801,0.37613818,0.80715287,2.01103,9
802,0.27564308,0.082312346,3.4623609,10
803,0.3237784,0.31061226,5.930426,11
804,0.1356039,0.0952778,6.920783,12
805,0.31650275,0.16248219,3.1414483,13
806,0.114677005,0.282448,3.5580907,14
807,0.097125724,0.38034612,1.802258,15
808,0.10624898,0.23008108,6.066115,16
809,0.8407358,0.70318997,4.570738,17
810,0.1288573,0.23312786,4.954948,18
811,0.64392567,0.28275344,4.236677,19
812,0.18963292,0.40013945,1.6790078,20
813,0.39952388,0.21566346,3.6534283,21
814,0.10748145,0.23157889,2.317715,22
815,0.18371621,0.7977355,1.4153408,23
816,0.34691185,0.49074933,3.7748785,0
817,0.07099953,0.9852761,1.5383143,1
818,0.5748575,0.5749159,3.8539834,2
819,0.234856,0.30448672,2.6250224,3
820,0.7141856,0.36656222,4.0844064,4
821,0.6039304,0.7622763,2.7167187,5
822,0.47853884,0.45822978,3.0083537,6
823,0.17382556,0.32133368,2.375567,7
824,0.58206636,0.5700596,1.0882038,8
825,0.22819537,0.7658844,2.585916,9
826,0.2544392,0.21052243,1.5546818,10
827,0.43795812,0.20765929,4.459193,11
828,0.15942124,0.13997172,3.7302914,12
829,0.48152056,0.16882832,4.137381,13
830,0.14236529,0.4100625,3.1524065,14
831,0.20884249,0.0063700625,7.02575,15
832,0.21770592,0.31589016,6.543572,16
833,0.6627751,0.48534334,4.0042,17
834,0.2458881,0.10019651,5.372591,18
835,0.7656237,0.09410606,2.5720448,19
836,0.11744998,0.14928487,2.321819,20
837,0.4439132,0.15060203,3.4185193,21
838,0.13042395,0.16409849,3.2688255,22
839,0.22865796,0.8450285,1.2465904,23
840,0.5308369,0.31990373,3.48205,0
841,0.13474064,0.9940158,2.2567203,1
842,0.6555105,0.801847,6.032553,2
843,0.55624104,0.32882088,4.4970245,3
844,0.7922377,0.2602243,5.3954544,4
845,0.64832586,0.57721627,1.1035992,5
846,0.67783743,0.4702085,1.7596518,6
847,0.34562403,0.24548924,1.8154211,7
848,0.66545117,0.86077034,1.4118404,8
849,0.5286355,0.60671765,3.0714388,9
850,0.16303003,0.09687933,1.497153,10
851,0.42201555,0.38533485,5.345044,11
852,0.180552,0.15827034,4.698176,12
853,0.24770848,0.16269763,3.6253664,13
854,0.07761556,0.3971825,2.6666217,14
855,0.244832,0.015243546,2.5841796,15
856,0.25091675,0.21316008,3.9635203,16
857,0.725492,0.4678864,3.860271,17
858,0.13241869,0.23227933,7.4227962,18
859,0.82851917,0.1229402,2.9804018,19
860,0.12322952,0.8304122,0.74725574,20
861,0.34665927,0.15798476,3.5797558,21
862,0.10184821,0.18658824,3.1555362,22
863,0.051178347,0.35312548,2.9589202,23
864,0.45042148,0.42337668,4.4511504,0
865,0.1479826,0.00601569,3.1995287,1
866,0.8406369,0.4086729,4.321851,2
867,0.5946801,0.36979815,3.623798,3
868,0.46014994,0.34411386,4.4787216,4
869,0.5200088,0.2523237,1.807497,5
870,0.32722872,0.6755126,1.4119087,6
871,0.35360923,0.3330645,4.198356,7
872,0.84225875,0.53616065,1.5359181,8
873,0.3273218,0.43326858,2.3941097,9
874,0.20644775,0.09730541,1.4757881,10
875,0.45340836,0.21357062,4.5444837,11
876,0.19987793,0.11471841,5.0203543,12
877,0.3168491,0.20172448,3.4248722,13
878,0.122257195,0.4113287,2.942933,14
879,0.19447896,0.009619423,5.2007794,15
880,0.35490882,0.2946892,4.0728803,16
881,0.86144215,0.312747,4.444421,17
882,0.256824,0.13694093,5.771044,18
883,0.71043015,0.33088797,3.2483504,19
884,0.1310065,0.2678053,2.8125093,20
885,0.5026136,0.21372345,4.5970044,21
886,0.10890543,0.15070036,3.5825946,22
887,0.26425844,0.5215207,1.1216444,23
888,0.7076976,0.24900462,4.8519387,0
889,0.19413294,0.9982254,1.7230282,1
890,0.77339464,0.63606477,4.4523034,2
891,0.34361428,0.29739186,4.157799,3
892,0.5605635,0.360976,6.197096,4
893,0.5991813,0.5600082,1.6141887,5
894,0.6507641,0.62757593,2.7921891,6
895,0.14414793,0.3072363,2.2994702,7
896,0.8007718,0.70116526,2.4027843,8
897,0.44767445,0.55952716,2.058098,9
898,0.21741116,0.09044791,1.8899767,10
899,0.53382254,0.105357096,5.479538,11
900,0.19589123,0.17498705,6.0570164,12
901,0.20331438,0.1975843,4.04645,13
902,0.27897698,0.19369149,3.2046602,14
903,0.069460794,0.84291404,0.8188126,15
904,0.31098238,0.15090422,3.9034467,16
905,0.74580693,0.37774137,3.3664746,17
906,0.29610115,0.1342853,5.384594,18
907,0.6099398,0.34044853,4.071711,19
908,0.12901549,0.1755973,2.9351046,20
909,0.5220136,0.14788666,2.3607101,21
910,0.114270546,0.19917558,3.741624,22
911,0.587459,0.89395165,0.89370453,23
912,0.34258977,0.35739902,2.1873271,0
913,0.12129979,0.21569777,1.9642236,1
914,0.8428676,0.57217467,3.613756,2
915,0.38428557,0.35307586,3.0887446,3
916,0.5712809,0.28479385,5.3319244,4
917,0.61809087,0.67353094,2.606556,5
918,0.30413747,0.5118164,1.8938028,6
919,0.36065322,0.31241086,1.6269264,7
920,0.86624247,0.51874304,2.1057029,8
921,0.3372898,0.5701382,2.6499257,9
922,0.13823304,0.06369591,2.7682614,10
923,0.4357137,0.26213548,3.6356268,11
924,0.14604479,0.21336737,4.0189905,12
925,0.41685566,0.23250733,4.418135,13
926,0.08822765,0.23956032,2.568366,14
927,0.10100377,0.046040647,6.1254406,15
928,0.21957444,0.14492415,3.3426218,16
929,0.5033543,0.46899894,4.2437086,17
930,0.1460905,0.12336464,6.768964,18
931,0.71755797,0.13597138,2.7044713,19
932,0.11861195,0.14283232,3.6679702,20
933,0.36408037,0.17797686,3.014798,21
934,0.07593352,0.16422276,4.065307,22
935,0.14384794,0.7541381,1.9229105,23
936,0.64973867,0.59112555,4.9285345,0
937,0.10619498,0.5186692,3.1784048,1
938,0.7879379,0.63610035,5.153225,2
939,0.34655648,0.4053186,4.377312,3
940,0.60563266,0.3805139,4.3484526,4
941,0.53856146,0.4401513,1.3713493,5
942,0.4411664,0.6506467,2.1636567,6
943,0.27476975,0.468379,2.8167806,7
944,0.63557005,0.74192494,1.7682297,8
945,0.5386599,0.86306965,2.0710285,9
946,0.22745097,0.15828802,1.5973963,10
947,0.35267362,0.15623824,4.849089,11
948,0.11522018,0.16715099,5.027955,12
949,0.24897301,0.16929908,4.1893826,13
950,0.13438815,0.34702897,2.6763763,14
951,0.10803879,0.2873809,2.0241804,15
952,0.1438942,0.34053564,3.8637695,16
953,0.82102436,0.5113958,2.647239,17
954,0.120146394,0.29963902,4.389183,18
955,0.7744899,0.36232483,2.2282193,19
956,0.07397252,0.12620223,2.4137971,20
957,0.42121878,0.16631307,5.276439,21
958,0.110044725,0.19528681,5.568778,22
959,0.31478018,0.7330836,1.3763183,23
960,0.5339825,0.32371715,2.6518888,0
961,0.055590004,0.9737265,3.3807395,1
962,0.69257385,0.5706133,5.471257,2
963,0.39035904,0.30103928,3.7132363,3
964,0.63528115,0.29415056,4.2269554,4
965,0.58725166,0.6117369,1.8961345,5
966,0.46127355,0.47678465,1.7434328,6
967,0.33600858,0.32395604,3.4879918,7
968,0.5382208,0.48645177,2.4339101,8
969,0.25278556,0.7208684,2.2650588,9
970,0.013352855,0.82882875,2.1709123,10
971,0.26116535,0.32129365,5.1437907,11
972,0.26998755,0.07407142,5.548661,12
973,0.25623745,0.20640674,3.4978197,13
974,0.23798332,0.2572488,2.7057247,14
975,0.054566134,0.41130546,1.8704385,15
976,0.27014518,0.25715747,5.5784464,16
977,0.8562891,0.3437852,4.3038483,17
978,0.13775402,0.22395067,4.149703,18
979,0.6971232,0.09293302,2.8457344,19
980,0.1258663,0.31034696,1.3874199,20
981,0.5333098,0.14329289,3.4778812,21
982,0.13451484,0.098931834,2.2311263,22
983,0.54501253,0.7795571,0.70702577,23
984,0.51365775,0.49214873,4.0859323,0
985,0.2076451,0.018474652,1.6130608,1
986,0.6946577,0.79095846,3.9600155,2
987,0.53871906,0.34527805,4.1406703,3
988,0.6781539,0.3298624,4.2246017,4
989,0.5102111,0.8036414,3.8228154,5
990,0.6629638,0.6087889,1.8943673,6
991,0.31192762,0.2626519,2.0547543,7
992,0.748654,0.5008119,2.004562,8
993,0.17702447,0.6690295,3.081906,9
994,0.067330144,0.07833238,2.5831623,10
995,0.37562865,0.18043435,3.0338173,11
996,0.16139905,0.17934054,6.7935,12
997,0.48670784,0.3272958,2.492135,13
998,0.16943274,0.3115434,2.1533158,14
999,0.15074922,0.38957566,2.2160132,15
1000,0.19538744,0.3020802,5.081141,16
1001,0.7743867,0.49653998,2.8044863,17
1002,0.256762,0.13753028,4.7492957,18
1003,0.8580539,0.15267526,3.5820818,19
1004,0.19655402,0.044145975,4.465427,20
1005,0.4495282,0.19396172,2.6190865,21
1006,0.17074892,0.27321136,3.4604545,22
1007,0.29432887,0.31213072,1.0244057,23
1008,0.6465977,0.44557714,2.737087,0
1009,0.10261965,0.13115159,1.5781133,1
1010,0.7765341,0.79010916,5.489648,2
1011,0.34745663,0.26564014,3.6533713,3
1012,0.6244672,0.3272335,4.9064283,4
1013,0.6597139,0.317712,2.2463825,5
1014,0.25052628,0.8076668,3.0748644,6
1015,0.35539842,0.24586336,2.4733458,7
1016,0.91365886,0.4798382,1.2514828,8
1017,0.6773699,0.39874774,1.8294479,9
1018,0.097911954,0.38197455,1.4983255,10
1019,0.33298308,0.20848286,4.8722143,11
1020,0.24326877,0.121598445,5.435331,12
1021,0.28115287,0.23024689,4.21086,13
1022,0.14263315,0.35145387,2.5379558,14
1023,0.105479546,0.028685726,4.551586,15
1024,0.17751777,0.24127753,2.887666,16
1025,0.7497651,0.32913232,3.2785335,17
1026,0.18984629,0.08786876,6.068413,18
1027,0.64025223,0.2858565,3.2009273,19
1028,0.19500352,0.10072603,2.6506093,20
1029,0.32029504,0.20465341,3.4091072,21
1030,0.11796471,0.19351733,3.595582,22
1031,0.32421032,0.7503885,2.0437477,23
1032,0.31864154,0.27411258,3.9119146,0
1033,0.12219813,0.07245928,2.2570112,1
1034,0.77951336,0.62718576,5.60086,2
1035,0.44919717,0.5111897,4.173942,3
1036,0.48865741,0.31039593,6.4538026,4
1037,0.48487818,0.45269743,2.6409793,5
1038,0.8193184,0.43239668,1.4359492,6
1039,0.19720584,0.24741744,4.7749057,7
1040,0.7752685,0.49404317,1.5242181,8
1041,0.34973186,0.55910665,2.1013935,9
1042,0.05646137,0.2165267,2.2405946,10
1043,0.49994648,0.22668432,5.23865,11
1044,0.15322863,0.15480044,3.547862,12
1045,0.39775923,0.19785409,3.0629065,13
1046,0.14462799,0.35571918,4.0622973,14
1047,0.19469184,0.2663693,4.5438833,15
1048,0.14156252,0.2910636,4.347797,16
1049,0.7634334,0.2735673,3.691378,17
1050,0.20788391,0.21674567,5.1907024,18
1051,0.64033043,0.19645359,2.0478864,19
1052,0.1626221,0.14121288,3.2184334,20
1053,0.2836923,0.2241259,3.1621811,21
1054,0.09217106,0.18426187,5.1544313,22
1055,0.4952654,0.94789404,1.6576577,23
1056,0.69829404,0.3489731,2.6906989,0
1057,0.119295776,0.86644155,0.98051757,1
1058,0.54092056,0.6712554,3.9393325,2
1059,0.6131056,0.27907756,3.3638783,3
1060,0.48077807,0.32999682,4.765907,4
1061,0.57594585,0.73546165,3.0868797,5
1062,0.33916268,0.5799584,1.7627542,6
1063,0.23388335,0.26523933,2.4685817,7
1064,0.674939,0.5926539,1.1876944,8
1065,0.52720624,0.67405117,1.8357522,9
1066,0.3175435,0.2522184,4.4729543,10
1067,0.38754198,0.27545643,5.5371737,11
1068,0.088262044,0.18956538,2.8696167,12
1069,0.4218224,0.2590086,4.745324,13
1070,0.08603532,0.48477742,4.247385,14
1071,0.09087853,0.21057108,2.3067327,15
1072,0.17763214,0.28155065,3.5262034,16
1073,0.83891684,0.6245389,2.5036473,17
1074,0.30838767,0.18148176,4.1680717,18
1075,0.7643749,0.41772532,3.3688698,19
1076,0.1064829,0.16502546,4.294696,20
1077,0.31140867,0.1654416,1.977227,21
1078,0.07397457,0.14178032,5.0396676,22
1079,0.35995337,0.9176903,1.485572,23
1080,0.73447967,0.24734801,4.1564684,0
1081,0.16262716,0.99886215,1.627302,1
1082,0.52874047,0.5119075,5.3419857,2
1083,0.4033666,0.4620346,4.574282,3
1084,0.7454282,0.4131746,4.7152524,4
1085,0.6323855,0.28517383,2.191837,5
1086,0.38336906,0.37828577,3.0342636,6
1087,0.24600612,0.42069724,2.1277876,7
1088,0.73923707,0.49932986,1.6216863,8
1089,0.37470528,0.43473563,2.2228189,9
1090,0.032357946,0.40071258,2.8170183,10
1091,0.3083154,0.2882126,5.542352,11
1092,0.12124849,0.21528275,3.68722,12
1093,0.4253418,0.24669495,2.4787793,13
1094,0.14804375,0.35323268,3.1537757,14
1095,0.3132601,0.0156347,3.6108243,15
1096,0.16063884,0.30744573,3.7735734,16
1097,0.7809126,0.55054015,2.4987783,17
1098,0.25810564,0.19128564,3.401306,18
1099,0.5106966,0.22557662,2.8192904,19
1100,0.11080118,0.011566177,4.7437735,20
1101,0.29147017,0.1759173,2.7135324,21
1102,0.15298049,0.18351942,2.0327523,22
1103,0.065163314,0.56982505,2.6712873,23
1104,0.5507407,0.23021966,3.8909492,0
1105,0.11747432,0.0033357067,2.141778,1
1106,0.68409264,0.5433886,5.265305,2
1107,0.5202125,0.22021112,3.259615,3
1108,0.5546325,0.48227453,3.5776515,4
1109,0.69772005,0.4987156,2.59352,5
1110,0.4210184,0.6998338,2.679529,6
1111,0.21431237,0.25053898,2.2659009,7
1112,0.8067563,0.7253144,1.345554,8
1113,0.28306305,0.7644967,2.6946495,9
1114,0.03912639,0.2908557,4.6986237,10
1115,0.4269228,0.2721955,6.471797,11
1116,0.05318493,0.2559127,4.9012823,12
1117,0.37017077,0.19873036,4.425647,13
1118,0.13948789,0.29348403,2.7326038,14
1119,0.09574951,0.048227634,3.5053647,15
1120,0.1821815,0.21202168,4.7053747,16
1121,0.46657106,0.25209868,3.0422597,17
1122,0.22188875,0.067902066,8.037945,18
1123,0.51580006,0.16212775,2.8420208,19
1124,0.1769409,0.11981587,3.3043876,20
1125,0.28128377,0.25875676,4.4960203,21
1126,0.1002435,0.1614719,4.781067,22
1127,0.0798253,0.4494001,3.9268568,23
1128,0.58940756,0.6197915,3.4219048,0
1129,0.2653904,0.9989536,1.1687536,1
1130,0.7558565,0.6624421,4.7772746,2
1131,0.75913227,0.23276538,2.8337154,3
1132,0.6657687,0.342575,5.3969984,4
1133,0.6331401,0.534629,1.5381379,5
1134,0.62923,0.5833465,3.8610897,6
1135,0.1101381,0.31953675,3.0093555,7
1136,0.763837,0.44337818,2.0991633,8
1137,0.31470641,0.7569827,2.6402774,9
1138,0.3415945,0.0041595115,2.5021431,10
1139,0.38386738,0.3074232,7.2082586,11
1140,0.14705254,0.07712811,5.4606047,12
1141,0.38288558,0.2567745,5.592101,13
1142,0.31632537,0.27276236,2.8095696,14
1143,0.13207728,0.47574872,3.4941096,15
1144,0.16573048,0.22087851,3.3833005,16
1145,0.7066219,0.37423617,2.3301275,17
1146,0.22730629,0.20803267,5.3065515,18
1147,0.8173062,0.32328168,3.4740205,19
1148,0.1405118,0.20230037,1.7933344,20
1149,0.51605785,0.08701963,2.4538949,21
1150,0.24338228,0.31751776,2.886268,22
1151,0.09498188,0.68299913,1.6747816,23
1152,0.6006329,0.2921176,4.1974072,0
1153,0.14598787,0.09036584,1.8418043,1
1154,0.7675127,0.7713791,5.2264633,2
1155,0.6106554,0.22102834,1.9041984,3
1156,0.6266982,0.31089026,5.277442,4
1157,0.6573979,0.5935566,1.7625508,5
1158,0.491967,0.35229418,2.0463548,6
1159,0.20434728,0.32229698,2.3016458,7
1160,0.7618399,0.7266267,1.9858885,8
1161,0.53250295,0.4043933,1.4031582,9
1162,0.10292559,0.65442395,1.3186239,10
1163,0.46955538,0.28215322,5.7515054,11
1164,0.22729689,0.10810861,5.0987453,12
1165,0.5292924,0.2629264,5.2117043,13
1166,0.13803886,0.30262956,2.3241212,14
1167,0.09794993,0.03718486,5.48501,15
1168,0.25451902,0.22458097,6.908435,16
1169,0.6971567,0.4007841,5.1859975,17
1170,0.14752759,0.11140388,5.314926,18
1171,0.85270625,0.37150195,2.9788806,19
1172,0.08396116,0.30522612,3.1695824,20
1173,0.40982336,0.3482051,4.22861,21
1174,0.16935459,0.30118185,1.7332487,22
1175,0.13168444,0.20781791,1.9145851,23
1176,0.5519353,0.32836843,2.4300594,0
1177,0.09510914,0.99574417,1.2228355,1
1178,0.6245418,0.5702297,4.0518866,2
1179,0.5479503,0.49315023,3.8818521,3
1180,0.59135866,0.6220235,5.9395533,4
1181,0.52162564,0.4858251,2.0988224,5
1182,0.5139826,0.6782716,3.8134038,6
1183,0.2398681,0.38461167,3.8789392,7
1184,0.8506752,0.69263345,2.0714839,8
1185,0.43415976,0.49039382,1.8065143,9
1186,0.12339266,0.41622522,2.1077557,10
1187,0.27480114,0.38877085,5.6040726,11
1188,0.050109014,0.14681877,5.4225683,12
1189,0.33293918,0.20017637,3.9766085,13
1190,0.3864114,0.3931143,2.7990513,14
1191,0.07380258,0.6215448,2.786972,15
1192,0.14765391,0.23855019,4.9154105,16
1193,0.79843736,0.6739355,4.036783,17
1194,0.15929466,0.10905274,6.6812525,18
1195,0.8076328,0.0725092,4.4044046,19
1196,0.099222735,0.6424863,1.0228448,20
1197,0.40707123,0.17720217,5.2795095,21
1198,0.14243196,0.22459157,2.5098076,22
1199,0.029310806,0.28149363,2.038328,23
1200,0.6288332,0.42272487,4.294559,0
1201,0.098250985,0.95613235,2.4810514,1
1202,0.85471636,0.5624522,3.452865,2
1203,0.4865116,0.47759357,2.883313,3
1204,0.67095023,0.30516747,5.102809,4
1205,0.5884015,0.8024224,1.7867862,5
1206,0.78670406,0.7850972,2.4560692,6
1207,0.35842174,0.21452099,2.5943666,7
1208,0.78818166,0.6806087,2.807726,8
1209,0.2382768,0.770946,1.9755317,9
1210,0.3810478,0.02853474,3.4154687,10
1211,0.39891776,0.27557984,4.629862,11
1212,0.11465868,0.11858446,5.25357,12
1213,0.30170107,0.30689752,4.6981997,13
1214,0.16832536,0.38800156,4.921016,14
1215,0.075705655,0.7150824,1.2245151,15
1216,0.08570621,0.35455626,6.3010263,16
1217,0.53358096,0.58326817,3.8814216,17
1218,0.19884849,0.10454596,5.1264243,18
1219,0.44581357,0.3192021,2.767782,19
1220,0.07776791,0.5757765,1.2472616,20
1221,0.40716037,0.2434273,4.278779,21
1222,0.16317667,0.15870728,2.5259824,22
1223,0.19774519,0.896004,1.64742,23
1224,0.7282198,0.39524996,4.322184,0
1225,0.15322757,0.8554243,1.1966898,1
1226,0.6892602,0.52822226,5.062556,2
1227,0.44488165,0.38514072,3.8414667,3
1228,0.40035868,0.319975,4.5405245,4
1229,0.47548714,0.4543122,2.1179035,5
1230,0.6710226,0.75413316,3.568239,6
1231,0.22635052,0.35993508,2.6477787,7
1232,0.8570872,0.5759535,1.1383153,8
1233,0.31002492,0.813466,3.7433147,9
1234,0.12803599,0.9029127,0.8550507,10
1235,0.33698174,0.27179712,4.306428,11
1236,0.11834432,0.2471068,4.128688,12
1237,0.41316575,0.161724,3.8867269,13
1238,0.16555591,0.31197742,2.6918533,14
1239,0.07505023,0.28780833,3.8308945,15
1240,0.2054501,0.36857936,6.5548267,16
1241,0.8892526,0.46769148,3.580678,17
1242,0.2795903,0.101875186,6.690007,18
1243,0.70691943,0.11119572,2.0716574,19
1244,0.041535232,0.26282886,1.7144003,20
1245,0.5686948,0.1889017,3.8666368,21
1246,0.11226731,0.20849846,3.6971023,22
1247,0.5420981,0.47575212,1.2937957,23
1248,0.5573239,0.21600033,3.4267168,0
1249,0.06606252,0.99434954,1.3422948,1
1250,0.83254033,0.6827139,4.5536366,2
1251,0.32592478,0.29216534,2.8225496,3
1252,0.600888,0.22952294,4.819292,4
1253,0.50802106,0.4991636,3.0352025,5
1254,0.84703594,0.36619318,2.3810968,6
1255,0.116751134,0.23009065,2.5083268,7
1256,0.74013776,0.55922794,1.3993855,8
1257,0.41934553,0.47191793,2.1449988,9
1258,0.07259752,0.7801024,1.4818631,10
1259,0.42710587,0.2504383,5.514988,11
1260,0.119723305,0.23119386,5.086081,12
1261,0.31874377,0.27240616,3.5786197,13
1262,0.2013856,0.32066283,3.2587209,14
1263,0.15134265,0.014011035,5.104707,15
1264,0.15538882,0.30764073,6.5882664,16
1265,0.8202973,0.48244873,4.5990195,17
1266,0.25403,0.057443906,7.1119876,18
1267,0.8390412,0.20001704,2.0434136,19
1268,0.108007886,0.07815278,2.7413893,20
1269,0.632924,0.32425553,4.9361105,21
1270,0.20169441,0.17154826,3.4255621,22
1271,0.5876008,0.84117216,0.7133851,23
1272,0.496217,0.3069307,3.093879,0
1273,0.13519265,0.6651157,1.4601555,1
1274,0.5858855,0.5246695,5.442862,2
1275,0.16596659,0.33951506,3.17508,3
1276,0.4881528,0.35408384,5.0794516,4
1277,0.6369077,0.44489625,2.2970624,5
1278,0.42565173,0.5582873,3.847731,6
1279,0.410583,0.41189155,3.0124557,7
1280,0.7978553,0.62559843,1.588857,8
1281,0.25270155,0.70330817,3.406502,9
1282,0.22127542,0.26771373,2.7946293,10
1283,0.25541914,0.2894756,5.2510624,11
1284,0.13373086,0.14242396,4.2851048,12
1285,0.3927816,0.31233078,4.6013412,13
1286,0.23581168,0.34688354,2.1315882,14
1287,0.16665138,0.087131165,3.5118556,15
1288,0.21125832,0.3500079,4.7177753,16
1289,0.6938217,0.45222417,4.189931,17
1290,0.31641635,0.15207547,4.0262575,18
1291,0.73674035,0.20862842,2.4889421,19
1292,0.12911403,0.460223,1.718982,20
1293,0.5945556,0.19727471,3.396995,21
1294,0.11659535,0.21243927,2.7726665,22
1295,0.31968078,0.8242748,1.8338609,23
1296,0.5865356,0.23375744,3.091819,0
1297,0.149843,0.1566442,1.2447082,1
1298,0.7992553,0.642099,4.621786,2
1299,0.49370727,0.2943987,4.6998687,3
1300,0.70997703,0.33721378,4.5991716,4
1301,0.4733799,0.43362907,2.0416648,5
1302,0.81847155,0.69122976,4.5125117,6
1303,0.1931546,0.30746984,2.9909718,7
1304,0.65553135,0.8694354,1.5728729,8
1305,0.41946822,0.5717706,3.8770757,9
1306,0.19384003,0.026844986,2.8368778,10
1307,0.48569915,0.16577698,3.5015883,11
1308,0.16930158,0.19377232,6.0961747,12
1309,0.48229194,0.17804994,4.097556,13
1310,0.12140182,0.22544838,3.4203258,14
1311,0.119172804,0.028980108,4.1260395,15
1312,0.15747342,0.5186506,5.6070004,16
1313,0.6653369,0.44887623,3.6120596,17
1314,0.15063815,0.18068124,6.798918,18
1315,0.7432338,0.2251633,2.3624582,19
1316,0.10422239,0.37875098,2.1382535,20
1317,0.3800004,0.19062515,4.791915,21
1318,0.13897963,0.17431785,3.3199332,22
1319,0.35786587,0.60973835,0.85018986,23
1320,0.79466563,0.29197156,3.8672388,0
1321,0.20125182,0.16789661,1.7574329,1
1322,0.7483644,0.7831507,4.3542233,2
1323,0.5418563,0.14217475,3.416145,3
1324,0.6357916,0.36764786,4.7600503,4
1325,0.5567084,0.41628587,0.82440823,5
1326,0.47227097,0.45080295,2.4372365,6
1327,0.19197801,0.36327177,2.7492085,7
1328,0.7184901,0.5339904,1.8903451,8
1329,0.35830677,0.43289965,1.7170942,9
1330,0.07118474,0.43414605,1.8430157,10
1331,0.2618485,0.2194466,5.5995398,11
1332,0.09025837,0.16261114,3.727813,12
1333,0.22513849,0.23185767,3.1109939,13
1334,0.27103102,0.23958132,2.58515,14
1335,0.27903405,0.1329383,2.9751751,15
1336,0.24027427,0.30228382,5.5009837,16
1337,0.85243344,0.5573132,4.5222807,17
1338,0.16100833,0.18525635,5.114731,18
1339,0.8214212,0.22417532,2.3179035,19
1340,0.08259225,0.7462104,0.9170633,20
1341,0.35044134,0.29581466,3.964931,21
1342,0.115152285,0.17015152,2.994548,22
1343,0.48436797,0.935517,1.4636844,23
1344,0.5476958,0.23160778,2.5465157,0
1345,0.09606821,0.861215,3.8592534,1
1346,0.4728699,0.60051525,4.903642,2
1347,0.30539477,0.19324146,3.642441,3
1348,0.49109247,0.46730912,4.2523346,4
1349,0.6188705,0.6566605,1.8474712,5
1350,0.55099624,0.34775174,2.262507,6
1351,0.18601835,0.22235349,3.6778069,7
1352,0.63615423,0.7353612,1.6224045,8
1353,0.27804574,0.6739235,1.8105953,9
1354,0.19099386,0.06091857,2.0995448,10
1355,0.33177888,0.30804795,6.708831,11
1356,0.1620636,0.1420438,5.7315016,12
1357,0.3084669,0.16949551,3.6601188,13
1358,0.19342549,0.38729525,3.5852704,14
1359,0.2702186,0.004603068,5.5447273,15
1360,0.12075096,0.29358295,6.0522456,16
1361,0.7542939,0.6775878,4.4543653,17
1362,0.24765454,0.059058394,7.347809,18
1363,0.67357385,0.2675895,3.3969162,19
1364,0.104661025,0.16572651,4.292523,20
1365,0.367639,0.25142756,3.677178,21
1366,0.13763687,0.14677814,2.8242981,22
1367,0.31503034,0.8606314,1.161513,23
1368,0.4583817,0.45667395,3.2111025,0
1369,0.18357275,0.23613194,0.85731757,1
1370,0.679528,0.27285936,2.7612462,2
1371,0.26533872,0.34908193,4.560071,3
1372,0.7894182,0.2765828,4.9119477,4
1373,0.5933507,0.63198715,0.75850695,5
1374,0.2738304,0.59278387,1.9426513,6
1375,0.3200719,0.35953027,3.004375,7
1376,0.48501748,0.76577604,1.4811426,8
1377,0.36102664,0.5178397,1.2874558,9
1378,0.30423433,0.469144,2.1276941,10
1379,0.33291128,0.24889648,4.9229693,11
1380,0.14970434,0.22130556,2.9584632,12
1381,0.28489318,0.3424218,3.5476878,13
1382,0.15489495,0.396829,2.5182486,14
1383,0.12505594,0.31185976,1.8236518,15
1384,0.12701249,0.28432003,5.0647974,16
1385,0.5247241,0.3149513,4.489582,17
1386,0.2202478,0.04928403,8.173187,18
1387,0.7057204,0.4403762,3.335439,19
1388,0.10011109,0.5102454,1.8469757,20
1389,0.3638835,0.21364704,4.2334456,21
1390,0.1605726,0.12884855,5.1113205,22
1391,0.21246839,0.76292586,1.5496849,23
1392,0.9232891,0.4312081,3.1166658,0
1393,0.19878794,0.0041786805,2.973615,1
1394,0.74881446,0.48147926,2.5091195,2
1395,0.5247877,0.22552611,2.127182,3
1396,0.659734,0.30782065,4.105245,4
1397,0.6554708,0.6887756,2.437742,5
1398,0.73321486,0.67363614,2.2356,6
1399,0.23069431,0.24860993,3.9764738,7
1400,0.71958494,0.724808,1.6404986,8
1401,0.37610403,0.6994729,2.3881261,9
1402,0.076530226,0.17102347,1.3449048,10
1403,0.41708365,0.24961436,4.698366,11
1404,0.09533647,0.15361927,4.2018833,12
1405,0.31120217,0.16210374,4.2534776,13
1406,0.16708219,0.55885714,4.3894205,14
1407,0.18447861,0.3904261,2.2107143,15
1408,0.1501593,0.27059275,6.4799595,16
1409,0.7922779,0.37657896,3.042947,17
1410,0.20489301,0.13306189,4.114564,18
1411,0.7644943,0.16696009,4.220151,19
1412,0.18705045,0.114774935,4.565206,20
1413,0.32331285,0.2641398,3.775999,21
1414,0.19265193,0.14458805,4.04073,22
1415,0.13353759,0.4070573,1.9991494,23
1416,0.648798,0.5081362,3.1993642,0
1417,0.24085662,0.25582883,1.8624634,1
1418,0.7424978,0.5825101,3.9673033,2
1419,0.47164664,0.37713668,2.8461325,3
1420,0.60313684,0.3736404,5.591777,4
1421,0.46655288,0.3401826,2.4488082,5
1422,0.67628,0.431359,1.8054754,6
1423,0.15454972,0.39610642,3.105176,7
1424,0.61823505,0.8071614,1.19671,8
1425,0.38348052,0.8539618,2.3572474,9
1426,0.07937117,0.62104523,0.8743721,10
1427,0.32499897,0.2013038,4.1934533,11
1428,0.21121708,0.1358772,4.6309886,12
1429,0.3599453,0.12412183,1.910603,13
1430,0.17980601,0.3566129,3.1549752,14
1431,0.08654022,0.20205136,2.0087779,15
1432,0.18532942,0.16564266,3.4959123,16
1433,0.6998655,0.42768863,2.4527216,17
1434,0.20940499,0.17894693,7.4425488,18
1435,0.7453049,0.23100865,2.9433002,19
1436,0.28734493,0.05007589,2.5444202,20
1437,0.39748564,0.11874928,2.7493212,21
1438,0.15358032,0.25105342,2.3551998,22
1439,0.3321632,0.6969657,1.2664579,23
1440,0.76680523,0.43928725,2.9619133,0
1441,0.0997504,0.7034121,1.0768778,1
1442,0.83105034,0.35740742,3.9067194,2
1443,0.4498522,0.22801147,3.5587766,3
1444,0.5406545,0.4781888,4.3374486,4
1445,0.38890088,0.71035767,2.5312376,5
1446,0.47803316,0.6818484,2.0943167,6
1447,0.3280617,0.19006296,2.0905442,7
1448,0.6563737,0.77163404,1.9424381,8
1449,0.45847565,0.62767893,3.642403,9
1450,0.13101473,0.09104392,1.9240952,10
1451,0.5395016,0.16530949,5.5345097,11
1452,0.14631465,0.10542867,3.4191046,12
1453,0.46755928,0.23006813,2.8934803,13
1454,0.16561219,0.3352095,4.508571,14
1455,0.07425509,0.0070303786,5.923395,15
1456,0.22467543,0.19353752,5.068714,16
1457,0.70400345,0.4268241,3.6138334,17
1458,0.19782364,0.10489923,6.8109083,18
1459,0.75924367,0.4885224,2.8545432,19
1460,0.061759725,0.21500202,3.664644,20
1461,0.4787904,0.1542176,5.062005,21
1462,0.13568094,0.08958332,4.1882544,22
1463,0.07674603,0.6390074,1.6810143,23
1464,0.7258273,0.14164728,2.9075027,0
1465,0.09097516,0.42259905,1.4231778,1
1466,0.6180486,0.5244181,3.2703667,2
1467,0.6377668,0.32757547,3.0072908,3
1468,0.7554184,0.22095528,4.8812876,4
1469,0.55040425,0.30008298,1.3429636,5
1470,0.6600562,0.5360889,3.1444967,6
1471,0.170921,0.21012819,2.7101336,7
1472,0.80077964,0.57347435,2.551702,8
1473,0.47679922,0.7762948,2.3596404,9
1474,0.39459914,0.09059754,3.0486736,10
1475,0.4122569,0.22533393,4.924297,11
1476,0.081260026,0.19601543,4.409413,12
1477,0.32184798,0.27057567,3.038068,13
1478,0.27209643,0.35392627,2.0531673,14
1479,0.063874416,0.011645006,3.5095835,15
1480,0.12660278,0.33515045,4.4658594,16
1481,0.89606756,0.5185066,3.8285718,17
1482,0.17822233,0.12011364,5.3904333,18
1483,0.780389,0.2891317,3.1979024,19
1484,0.07357771,0.35277134,1.8540444,20
1485,0.25567368,0.31806406,2.7788095,21
1486,0.20920576,0.09226341,3.7191713,22
1487,0.112517245,0.5851322,1.9660962,23
1488,0.6236629,0.43405592,4.0840583,0
1489,0.12557653,0.91239303,1.0340883,1
1490,0.8203508,0.69532144,4.569345,2
1491,0.4454239,0.3483161,5.415874,3
1492,0.7509127,0.3553689,5.8043833,4
1493,0.6015194,0.68244576,2.6335964,5
1494,0.56806594,0.5784665,4.5952296,6
1495,0.23645867,0.36601946,3.064408,7
1496,0.8291666,0.5919985,1.6918516,8
1497,0.40439516,0.26959208,1.7031221,9
1498,0.1755609,0.684258,1.140178,10
1499,0.3592965,0.18846966,5.005474,11
1500,0.18727668,0.23599988,3.0508819,12
1501,0.3768711,0.14891516,4.163576,13
1502,0.09481812,0.6606587,3.1399772,14
1503,0.08045624,0.7930685,0.9393349,15
1504,0.2646804,0.36989775,6.1188507,16
1505,0.3579718,0.29158342,3.5298195,17
1506,0.22102621,0.09989988,6.3258295,18
1507,0.6480986,0.23486754,3.5216641,19
1508,0.13918471,0.060661793,3.3134773,20
1509,0.4546342,0.11115965,2.6311235,21
1510,0.1475889,0.24210027,2.3446238,22
1511,0.22256404,0.7909564,1.5480042,23
1512,0.6535483,0.42217404,3.5961785,0
1513,0.050244175,0.016219815,1.345176,1
1514,0.4924515,0.39095277,4.7990284,2
1515,0.3734899,0.29179624,2.9536037,3
1516,0.78770375,0.2581826,3.977671,4
1517,0.49977937,0.75475883,1.9908863,5
1518,0.48629364,0.21052137,2.8754735,6
1519,0.32429624,0.32711828,4.3086605,7
1520,0.54658276,0.5618838,2.5613058,8
1521,0.6186647,0.5031644,1.6511378,9
1522,0.1841067,0.17886426,2.3088648,10
1523,0.4262952,0.19382747,5.3644047,11
1524,0.1502872,0.1736225,4.6395226,12
1525,0.31757712,0.16662063,4.279047,13
1526,0.22814846,0.38642344,4.0736666,14
1527,0.12755734,0.5108898,1.3944802,15
1528,0.2420089,0.26793623,4.4504223,16
1529,0.6996902,0.43852222,2.812591,17
1530,0.16051699,0.16424923,6.1978045,18
1531,0.629033,0.24702251,3.505948,19
1532,0.20044383,0.06413066,3.6667895,20
1533,0.59163636,0.31490183,5.804203,21
1534,0.21434693,0.30435845,2.4242969,22
1535,0.10372921,0.35553995,1.6107543,23
1536,0.77211356,0.37212017,1.9206382,0
1537,0.080702,0.7725001,1.0228399,1
1538,0.59115267,0.57413304,3.80831,2
1539,0.23297209,0.47116175,2.6838245,3
1540,0.5855912,0.20141453,5.0623226,4
1541,0.6602691,0.60716194,2.5477312,5
1542,0.5406384,0.63917035,2.869233,6
1543,0.25268087,0.20147984,2.3073177,7
1544,0.6429294,0.534948,2.1752553,8
1545,0.32890227,0.703321,2.4381967,9
1546,0.13051355,0.114770286,1.7190852,10
1547,0.40268898,0.25182414,4.941978,11
1548,0.11715085,0.17027718,4.429792,12
1549,0.4262226,0.14003241,4.1840715,13
1550,0.17746173,0.38777414,2.7276337,14
1551,0.16366816,0.0031094165,6.1382766,15
1552,0.13408485,0.26667383,3.4247346,16
1553,0.7290723,0.3416289,3.551178,17
1554,0.15393247,0.23036186,5.1112313,18
1555,0.6425526,0.26382068,2.3487575,19
1556,0.11500719,0.075836055,4.1827664,20
1557,0.3665821,0.18685332,5.6663914,21
1558,0.07112008,0.18703865,3.953955,22
1559,0.030806547,0.27817935,2.957005,23
1560,0.713456,0.39819574,4.3094625,0
1561,0.045043398,0.93250155,1.8359239,1
1562,0.7512346,0.6489205,4.4282904,2
1563,0.40489316,0.35998982,4.16082,3
1564,0.4520988,0.41295835,5.3992834,4
1565,0.40212718,0.42997083,1.0167276,5
1566,0.38879073,0.73392904,2.9887292,6
1567,0.16694124,0.31008187,1.9478499,7
1568,0.73278594,0.5152226,3.0603793,8
1569,0.31955236,0.72286445,1.3230636,9
1570,0.08199145,0.15859516,1.090725,10
1571,0.3571674,0.22448629,5.3614225,11
1572,0.11894545,0.25247663,3.742421,12
1573,0.45447254,0.24732403,2.836793,13
1574,0.107163176,0.2877686,2.7791212,14
1575,0.07246869,0.18825518,2.3563135,15
1576,0.21593224,0.2601657,3.9155076,16
1577,0.68678135,0.4613952,4.860447,17
1578,0.21753769,0.13132268,5.4050198,18
1579,0.3545364,0.3444595,3.440525,19
1580,0.09559138,0.17095989,2.6535802,20
1581,0.47268105,0.4450826,5.8003073,21
1582,0.12369198,0.11237222,4.6927123,22
1583,0.45186472,0.90981185,1.2826144,23
1584,0.6412845,0.35204083,3.3632276,0
1585,0.07536695,0.3092038,1.583477,1
1586,0.7410075,0.74135256,3.665585,2
1587,0.29835615,0.4612395,4.6131763,3
1588,0.68887806,0.22427155,3.3099227,4
1589,0.5399846,0.660958,2.624033,5
1590,0.71312696,0.7347037,2.1200378,6
1591,0.21145296,0.24732062,4.0707965,7
1592,0.8146612,0.81466246,1.8271595,8
1593,0.19291686,0.9087457,1.482996,9
1594,0.08679405,0.33373934,2.3134594,10
1595,0.38947004,0.33195478,6.8679037,11
1596,0.2734187,0.08822924,5.02856,12
1597,0.22501849,0.17449312,4.292611,13
1598,0.15855423,0.34888846,1.9093041,14
1599,0.13951664,0.50325996,1.7647158,15
1600,0.27775592,0.28398165,4.3312144,16
1601,0.8788649,0.5757338,3.290907,17
1602,0.1740734,0.12597188,6.793747,18
1603,0.6380403,0.60586876,3.9143538,19
1604,0.2077607,0.16747175,3.6634517,20
1605,0.39280152,0.22191967,4.5608788,21
1606,0.1013669,0.111110546,4.8487763,22
1607,0.16324905,0.711253,1.9180589,23
1608,0.57206625,0.19583254,3.0922847,0
1609,0.09780599,0.97511756,1.1793604,1
1610,0.81488967,0.50094193,5.7845907,2
1611,0.17272942,0.40103278,4.558067,3
1612,0.59407854,0.37641665,2.8888683,4
1613,0.61493963,0.61180407,2.1479373,5
1614,0.48880503,0.82224417,2.7754784,6
1615,0.1845507,0.25566894,3.471701,7
1616,0.88186496,0.70033497,1.6944231,8
1617,0.28123862,0.50413084,1.5935948,9
1618,0.19595751,0.28091928,1.8303719,10
1619,0.37504423,0.3326579,4.550747,11
1620,0.21499458,0.10757993,5.627742,12
1621,0.41420954,0.2975192,3.958411,13
1622,0.14805767,0.40311566,4.680065,14
1623,0.1064935,0.7456019,1.62454,15
1624,0.24141552,0.24512872,5.060694,16
1625,0.7127689,0.64221233,4.4346094,17
1626,0.2988262,0.0841092,5.7906446,18
1627,0.67131937,0.3090851,2.7805915,19
1628,0.118271105,0.115468204,2.4167302,20
1629,0.44237256,0.1978653,5.9930634,21
1630,0.12489735,0.20703149,2.7513118,22
1631,0.08839369,0.46118605,2.0157034,23
1632,0.518282,0.2850094,3.7499585,0
1633,0.10425241,0.22681947,1.7800808,1
1634,0.70995295,0.63595206,5.242724,2
1635,0.4808292,0.35778412,3.5240932,3
1636,0.6030437,0.39099422,4.933346,4
1637,0.57665384,0.55782586,1.7617426,5
1638,0.734178,0.53888255,2.9986796,6
1639,0.20525436,0.21764289,2.6866918,7
1640,0.6113256,0.7091689,0.84343135,8
1641,0.26936153,0.7546738,3.181113,9
1642,0.070463404,0.16990139,3.5622096,10
1643,0.41620985,0.2955284,4.224798,11
1644,0.14318293,0.19257304,5.4889336,12
1645,0.34586146,0.19646457,3.296245,13
1646,0.19191019,0.22022499,3.136412,14
1647,0.18106423,0.0052792626,5.9835434,15
1648,0.1583002,0.3745424,4.232935,16
1649,0.73156893,0.2914898,3.8878713,17
1650,0.15014794,0.19347359,3.835273,18
1651,0.80870867,0.106115654,2.298151,19
1652,0.07910598,0.34254557,1.4761317,20
1653,0.49361473,0.18948133,2.3906064,21
1654,0.098291315,0.12178853,3.9491735,22
1655,0.31482863,0.894386,1.4872705,23
1656,0.6723585,0.37728128,3.2554839,0
1657,0.13334467,0.27629492,2.0242295,1
1658,0.7556484,0.5260785,4.728151,2
1659,0.45750087,0.50971746,3.8847435,3
1660,0.526765,0.4238725,5.9466467,4
1661,0.49555147,0.69655293,2.1714363,5
1662,0.6396669,0.63965946,2.4282565,6
1663,0.1434136,0.33531207,3.5704424,7
1664,0.88456494,0.5436721,1.7311807,8
1665,0.35730585,0.7476145,1.9668283,9
1666,0.19043748,0.11626184,2.1217709,10
1667,0.53562766,0.26164404,4.6984243,11
1668,0.07882281,0.19370827,5.104042,12
1669,0.39575565,0.21431522,2.1688182,13
1670,0.10057754,0.4625491,2.838294,14
1671,0.25296137,0.9226858,1.7193115,15
1672,0.19924857,0.22344428,3.5367613,16
1673,0.8049269,0.4392794,4.661582,17
1674,0.23221135,0.12531894,7.4936304,18
1675,0.680612,0.27563074,3.1228604,19
1676,0.24352774,0.10930278,2.623438,20
1677,0.47125804,0.11254568,5.251273,21
1678,0.03849216,0.17426208,4.302142,22
1679,0.060007688,0.34449604,2.5180829,23
1680,0.70739657,0.41250533,2.2728121,0
1681,0.22075124,0.78884095,2.6472878,1
1682,0.70390296,0.61165935,5.5634828,2
1683,0.3927002,0.33048677,2.5139632,3
1684,0.6137314,0.24844399,5.164728,4
1685,0.45110196,0.5546317,2.1186855,5
1686,0.35280436,0.35262236,2.2481618,6
1687,0.20466237,0.30145836,1.9579293,7
1688,0.54540837,0.81658995,2.8370025,8
1689,0.43166545,0.33810455,2.2480054,9
1690,0.10715969,0.0532623,1.5749205,10
1691,0.24761055,0.25506034,5.217942,11
1692,0.10289116,0.17701897,7.296444,12
1693,0.38365299,0.12932508,3.1185186,13
1694,0.14150766,0.3098789,2.6650238,14
1695,0.10043971,0.123555586,2.1045623,15
1696,0.20819195,0.36789656,4.5011673,16
1697,0.7386576,0.3451434,3.8652296,17
1698,0.21965061,0.17458151,5.446266,18
1699,0.628901,0.3017047,1.8171113,19
1700,0.12697844,0.058566023,5.485917,20
1701,0.38271987,0.17956884,3.7043128,21
1702,0.06615072,0.18226169,4.6878963,22
1703,0.4757196,0.8206587,1.4945354,23
1704,0.7232953,0.34257963,4.0480137,0
1705,0.059530597,0.9720861,1.9009541,1
1706,0.60083646,0.5588509,4.7663183,2
1707,0.30714434,0.23131202,3.5668075,3
1708,0.47883666,0.3718004,3.990483,4
1709,0.53133225,0.7209057,2.8545246,5
1710,0.74016094,0.44318953,2.568915,6
1711,0.31306434,0.27289844,3.7110069,7
1712,0.43950748,0.71412003,2.5439227,8
1713,0.23521215,0.4281762,2.1506402,9
1714,0.16691092,0.115773045,2.8171515,10
1715,0.32184282,0.26700628,4.3115106,11
1716,0.18102838,0.21612833,4.774158,12
1717,0.45236203,0.30473688,4.11121,13
1718,0.14246656,0.34401536,3.2341962,14
1719,0.10568428,0.02300641,6.216521,15
1720,0.18059759,0.27931583,6.8531876,16
1721,0.71614224,0.6720311,3.7880068,17
1722,0.23445368,0.097790554,5.3678946,18
1723,0.8128618,0.09461768,2.44196,19
1724,0.14632653,0.08317598,4.370895,20
1725,0.24539849,0.22495739,2.9633555,21
1726,0.21691637,0.24874678,1.4006598,22
1727,0.2541684,0.8568039,1.1266792,23
1728,0.67786753,0.38882974,2.8903146,0
1729,0.1352453,0.058816984,1.0190494,1
1730,0.6406208,0.63296497,2.8368168,2
1731,0.30088726,0.20201783,4.942939,3
1732,0.5327287,0.2977434,4.570632,4
1733,0.40244144,0.3420035,1.9591599,5
1734,0.68577665,0.556756,2.9664505,6
1735,0.22775029,0.24042265,3.397272,7
1736,0.8097707,0.7495409,1.728235,8
1737,0.27933902,0.78609115,1.6788877,9
1738,0.032011084,0.8787298,1.7067881,10
1739,0.43906528,0.34073243,4.5285363,11
1740,0.19370878,0.13322844,4.140034,12
1741,0.30100662,0.2627502,4.883081,13
1742,0.15397088,0.5025533,3.2892985,14
1743,0.15587054,0.007250662,4.884681,15
1744,0.1822432,0.20766471,3.4866042,16
1745,0.7718804,0.37348276,4.2511225,17
1746,0.2413051,0.122268654,5.776391,18
1747,0.706106,0.250385,4.184787,19
1748,0.13255942,0.048470087,3.6790977,20
1749,0.6242142,0.20760989,4.7167077,21
1750,0.07605264,0.20128463,2.953824,22
1751,0.029348057,0.43726277,2.9246202,23
1752,0.5182261,0.54532427,3.7185237,0
1753,0.20110288,0.69650906,1.6536552,1
1754,0.6031557,0.69336456,4.38256,2
1755,0.4991029,0.51960295,3.7139387,3
1756,0.62667567,0.26810557,4.672889,4
1757,0.44041005,0.5861109,3.9186378,5
1758,0.47130263,0.6219238,4.2026525,6
1759,0.4933332,0.38252708,4.351647,7
1760,0.8276325,0.5155133,2.0520358,8
1761,0.30385607,0.5391518,1.4506214,9
1762,0.09566916,0.7832976,1.3039511,10
1763,0.5482055,0.18208243,7.078618,11
1764,0.044590343,0.1669949,4.434148,12
1765,0.2868695,0.17756775,4.1509852,13
1766,0.15501322,0.3152522,2.5576,14
1767,0.24111836,0.0010286195,5.36038,15
1768,0.33678535,0.33867797,4.23322,16
1769,0.7834006,0.27036622,2.8538144,17
1770,0.15104277,0.089956254,5.4849677,18
1771,0.7213269,0.54725444,2.7248964,19
1772,0.17203385,0.2843185,4.1657557,20
1773,0.6187389,0.15062727,4.262804,21
1774,0.18809515,0.14361532,3.013649,22
1775,0.15353185,0.6528703,1.8888496,23
1776,0.54925257,0.47678572,3.1829338,0
1777,0.06324661,0.6920558,2.084544,1
1778,0.840554,0.57156944,4.426078,2
1779,0.45469964,0.33988434,2.3237112,3
1780,0.78170866,0.2382922,5.0895715,4
1781,0.705837,0.4513992,1.9002016,5
1782,0.40160707,0.6771617,2.456399,6
1783,0.28190997,0.39948788,2.1838152,7
1784,0.76191396,0.63529325,2.2124608,8
1785,0.20312662,0.58749425,1.9782743,9
1786,0.279155,0.02162923,3.7770276,10
1787,0.2592547,0.28549454,3.775075,11
1788,0.13293844,0.21475433,5.018163,12
1789,0.40615207,0.26867026,3.7834897,13
1790,0.1416264,0.48340973,2.4005911,14
1791,0.050583158,0.052908372,2.485101,15
1792,0.23569202,0.29972857,4.035185,16
1793,0.38658276,0.53389335,5.535187,17
1794,0.17622028,0.1870385,4.998552,18
1795,0.65778106,0.35761446,2.814879,19
1796,0.08368812,0.020024898,5.120716,20
1797,0.49242932,0.37575644,3.8961873,21
1798,0.12466399,0.17723186,5.0612354,22
1799,0.5765369,0.94927615,1.3220551,23
1800,0.70554835,0.36945722,3.8260083,0
1801,0.119170085,0.9725275,1.5016705,1
1802,0.89369196,0.34159726,2.710033,2
1803,0.33891234,0.3238978,4.0537796,3
1804,0.49555287,0.3319228,3.9948225,4
1805,0.68231463,0.23415224,1.7759511,5
1806,0.38350746,0.54135,2.3673067,6
1807,0.18559834,0.2528539,4.532743,7
1808,0.67711145,0.75143003,2.0740266,8
1809,0.42511365,0.663523,1.8783858,9
1810,0.08006607,0.11611604,2.8912506,10
1811,0.49316403,0.21564257,4.2969723,11
1812,0.1559055,0.21466376,5.510998,12
1813,0.29871336,0.14691228,4.152346,13
1814,0.14577365,0.4684262,2.2999046,14
1815,0.075721405,0.4740204,3.237724,15
1816,0.3166754,0.30282295,5.181572,16
1817,0.78263426,0.30238834,3.616716,17
1818,0.15326092,0.15318665,5.4182825,18
1819,0.68473935,0.21384944,4.2800794,19
1820,0.041531414,0.6395591,1.0322819,20
1821,0.5293156,0.21872382,2.4775066,21
1822,0.056673836,0.0991077,6.470692,22
1823,0.24985626,0.8565323,1.5997164,23
1824,0.77341646,0.27465412,3.2627993,0
1825,0.058268998,0.20454581,1.6607012,1
1826,0.79469365,0.61578196,4.833613,2
1827,0.61863965,0.19364968,3.2709298,3
1828,0.43827966,0.408896,3.0246115,4
1829,0.5637802,0.59924585,1.6543903,5
1830,0.60533595,0.7164461,2.9926183,6
1831,0.26390213,0.35521325,3.0749607,7
1832,0.5757214,0.87890255,1.6441069,8
1833,0.27162826,0.67805684,2.7594757,9
1834,0.23737925,0.080733486,2.0624843,10
1835,0.5188072,0.19769268,6.264734,11
1836,0.12623593,0.10662378,4.7145,12
1837,0.3576741,0.3221005,4.2615614,13
1838,0.19997048,0.4744825,2.9206753,14
1839,0.12692738,0.15391728,2.7426138,15
1840,0.14198218,0.2512657,6.123132,16
1841,0.8683705,0.5834126,3.3811598,17
1842,0.17426181,0.1682635,6.7689586,18
1843,0.71148884,0.44672456,3.1820965,19
1844,0.11846266,0.07885605,2.5132349,20
1845,0.47814295,0.14892772,4.684359,21
1846,0.115367144,0.12507634,4.457001,22
1847,0.28309122,0.79506785,1.0739218,23
1848,0.6064675,0.59573174,3.9035993,0
1849,0.08791605,0.20317708,2.1537044,1
1850,0.6774335,0.6640392,5.8649898,2
1851,0.53601,0.18291056,2.9179468,3
1852,0.49723345,0.25910303,3.3670783,4
1853,0.53890955,0.48639435,2.1756818,5
1854,0.6771553,0.54383796,2.0628307,6
1855,0.19196174,0.31322452,2.5782976,7
1856,0.7741002,0.6143634,2.517715,8
1857,0.34718543,0.8744326,1.5524969,9
1858,0.13655558,0.37738183,1.7316316,10
1859,0.31156346,0.2489923,5.823576,11
1860,0.15624098,0.094453536,4.0605693,12
1861,0.48223555,0.09195935,2.9341078,13
1862,0.19344348,0.4221192,3.565971,14
1863,0.047857728,0.0086159995,4.689822,15
1864,0.2774175,0.3358154,5.400967,16
1865,0.69876915,0.41551846,4.947798,17
1866,0.18984394,0.15112653,4.6139755,18
1867,0.66394734,0.14322373,3.5793762,19
1868,0.12445827,0.22522616,3.55554,20
1869,0.5170461,0.22352406,5.26413,21
1870,0.1456405,0.14678131,3.6228747,22
1871,0.079755515,0.77113664,1.6428676,23
1872,0.6251348,0.25111374,3.6270695,0
1873,0.1945049,0.111050956,2.295652,1
1874,0.83378994,0.41801575,3.2323093,2
1875,0.4189952,0.5361448,3.005527,3
1876,0.66042274,0.3574115,5.0540934,4
1877,0.5596188,0.4349539,3.10359,5
1878,0.6465578,0.44411522,2.492607,6
1879,0.30286056,0.19599779,2.6889043,7
1880,0.7070094,0.64375365,1.2668667,8
1881,0.47514307,0.79690737,3.2465544,9
1882,0.26313224,0.006010013,3.15673,10
1883,0.39376718,0.28320995,4.955537,11
1884,0.07762375,0.11642488,5.354672,12
1885,0.45308608,0.117054716,3.4712176,13
1886,0.08790753,0.36678725,3.3839166,14
1887,0.13385883,0.011467208,3.439941,15
1888,0.28304455,0.25439814,5.432415,16
1889,0.81789654,0.40334067,4.759213,17
1890,0.2644449,0.1542941,5.1103525,18
1891,0.7643753,0.24930148,2.9830215,19
1892,0.1620106,0.16053496,3.1445012,20
1893,0.24977356,0.1837263,4.421087,21
1894,0.11384835,0.08769071,5.16436,22
1895,0.3017538,0.8132165,1.5487881,23
1896,0.7522166,0.36353052,3.7957323,0
1897,0.11950442,0.98922557,1.0542859,1
1898,0.6460347,0.55417424,4.347556,2
1899,0.4285565,0.3763956,1.9818114,3
1900,0.43395743,0.2914837,5.34862,4
1901,0.5196867,0.5975149,2.8911977,5
1902,0.80814725,0.45983484,1.5261707,6
1903,0.33618915,0.5160904,3.0696533,7
1904,0.76415896,0.85531324,2.9738688,8
1905,0.4108805,0.765457,2.2370138,9
1906,0.15449756,0.52824813,1.0427321,10
1907,0.5962718,0.24407421,7.0918036,11
1908,0.247668,0.28591856,4.0903225,12
1909,0.4048634,0.16744666,3.7043033,13
1910,0.2957706,0.29075024,3.5398974,14
1911,0.06610207,0.6138589,2.6329808,15
1912,0.18757647,0.2347269,4.6312943,16
1913,0.46051577,0.46721303,3.0446477,17
1914,0.13214822,0.18439004,4.9716835,18
1915,0.8891881,0.6121583,5.083451,19
1916,0.17584537,0.18253788,1.6966741,20
1917,0.49311626,0.19488893,4.418941,21
1918,0.10924608,0.09796094,6.859991,22
1919,0.022472717,0.34676558,2.0862665,23
1920,0.4030049,0.28215796,4.4679923,0
1921,0.09869971,0.78333694,2.3506877,1
1922,0.6832588,0.58743006,4.5481963,2
1923,0.22491066,0.4547713,3.044837,3
1924,0.7090576,0.21912894,4.0692654,4
1925,0.46310547,0.7456533,1.6472894,5
1926,0.543006,0.6663521,2.8816123,6
1927,0.32823402,0.35370526,2.4088283,7
1928,0.6786463,0.81594133,1.5868156,8
1929,0.31541607,0.7747477,2.3757625,9
1930,0.2678393,0.27244648,1.4757789,10
1931,0.44792712,0.21772861,4.9760776,11
1932,0.04674238,0.1586541,5.6918344,12
1933,0.3732947,0.2227749,5.263874,13
1934,0.28083247,0.29626086,3.7918315,14
1935,0.1345808,0.24610774,2.4583871,15
1936,0.1504306,0.27179778,4.180728,16
1937,0.4934455,0.69584054,4.5363417,17
1938,0.15225272,0.2756841,4.331178,18
1939,0.6896603,0.26840383,2.8593135,19
1940,0.06983032,0.15724562,3.2195666,20
1941,0.5114673,0.29000536,4.122525,21
1942,0.2007305,0.12852742,4.110778,22
1943,0.061112892,0.2317943,1.9310024,23
1944,0.8827259,0.23357834,2.5796568,0
1945,0.07278942,0.12616032,1.7021697,1
1946,0.7390788,0.659992,2.7956986,2
1947,0.46097687,0.2409272,2.8505878,3
1948,0.6283784,0.26428434,4.941135,4
1949,0.6280312,0.7227171,2.5584338,5
1950,0.40840724,0.32144955,1.9817466,6
1951,0.29647195,0.33645755,4.268531,7
1952,0.46327114,0.5795996,2.0789802,8
1953,0.2697916,0.7263318,1.042514,9
1954,0.1952174,0.0012585716,5.196046,10
1955,0.32110777,0.273572,4.816726,11
1956,0.1390087,0.19221768,4.8669224,12
1957,0.35487285,0.24053742,4.027897,13
1958,0.14400144,0.4172415,3.3582063,14
1959,0.2580227,0.12193036,4.5878024,15
1960,0.29097855,0.28168052,5.42739,16
1961,0.75271404,0.48977342,2.3249693,17
1962,0.17375611,0.19264391,4.8194036,18
1963,0.782234,0.41444865,3.7752242,19
1964,0.09705278,0.2940776,2.9566436,20
1965,0.34568068,0.1849342,4.929967,21
1966,0.16300286,0.20667122,3.4911036,22
1967,0.06110409,0.39397717,1.377773,23
1968,0.6290435,0.49910408,4.0433917,0
1969,0.077694535,0.2682908,0.94229794,1
1970,0.67162657,0.61135185,4.201016,2
1971,0.6005114,0.38702923,2.6664875,3
1972,0.82732713,0.30850735,5.3692207,4
1973,0.383307,0.50052524,1.5161215,5
1974,0.57419556,0.47692782,2.143405,6
1975,0.36611745,0.3665305,2.7920475,7
1976,0.924334,0.6159872,1.3618162,8
1977,0.24839856,0.29244602,2.36164,9
1978,0.0875038,0.016791062,2.5623126,10
1979,0.42065996,0.31722802,4.6411796,11
1980,0.2102935,0.17189926,3.5979116,12
1981,0.23878394,0.24567983,3.521335,13
1982,0.080592185,0.33649215,3.0029676,14
1983,0.11525616,0.12078095,1.8138021,15
1984,0.20690249,0.23818839,2.8297167,16
1985,0.77671033,0.56698525,4.157864,17
1986,0.1281896,0.13317253,7.655556,18
1987,0.48805162,0.20847477,4.529534,19
1988,0.12367068,0.18977146,3.4547396,20
1989,0.53441584,0.11502358,3.4942307,21
1990,0.19578354,0.0998476,5.1551228,22
1991,0.1257726,0.5616705,2.8959026,23
1992,0.72082746,0.33943596,3.3794258,0
1993,0.19777887,0.99936575,1.3283283,1
1994,0.6734846,0.80525225,5.2130747,2
1995,0.63119316,0.25669155,3.4622388,3
1996,0.5888624,0.4188696,4.92652,4
1997,0.6198285,0.72726244,2.707946,5
1998,0.34274772,0.58151865,3.5669181,6
1999,0.17629106,0.30179104,2.6954474,7
2000,0.52420825,0.6500355,2.0723178,8
2001,0.22672862,0.73676527,1.7640848,9
2002,0.105274096,0.01087376,3.7244792,10
2003,0.4144068,0.1681544,3.0326793,11
2004,0.20801081,0.14882016,5.1200104,12
2005,0.17829679,0.18211028,3.8359735,13
2006,0.13562138,0.51520485,2.2904513,14
2007,0.16870698,0.2283101,4.1333537,15
2008,0.2244165,0.3246317,5.869982,16
2009,0.85570246,0.32804826,3.5332694,17
2010,0.20389406,0.20655103,4.3707414,18
2011,0.7100802,0.18179385,2.1180477,19
2012,0.19818002,0.12953697,3.380464,20
2013,0.53311056,0.08665335,3.1100125,21
2014,0.13439538,0.21067965,3.6990342,22
2015,0.011409746,0.27836224,3.8386126,23
2016,0.69345576,0.36976713,2.4400368,0
2017,0.034494676,0.07846439,1.3651584,1
2018,0.7985754,0.5807182,4.964713,2
2019,0.388402,0.37731794,3.2079797,3
2020,0.43910575,0.3131709,4.679611,4
2021,0.39140296,0.310026,3.6563234,5
2022,0.5126957,0.63315135,2.2327182,6
2023,0.32866618,0.3272294,2.1344562,7
2024,0.79075146,0.58757955,1.4109232,8
2025,0.33321515,0.54301524,2.187685,9
2026,0.07211744,0.28963053,1.6631116,10
2027,0.3210992,0.23420776,4.752919,11
2028,0.08477898,0.11064615,6.1671715,12
2029,0.31027445,0.13065585,3.006976,13
2030,0.15050618,0.5984401,3.1879163,14
2031,0.166841,0.638605,1.4374076,15
2032,0.18206748,0.23554868,4.36109,16
2033,0.729328,0.37734613,3.6189275,17
2034,0.17088504,0.17812003,6.9776173,18
2035,0.7734348,0.30255964,2.105331,19
2036,0.09383954,0.22141941,2.6267023,20
2037,0.3962575,0.13461532,2.5982199,21
2038,0.20648089,0.117502764,5.8043814,22
2039,0.03126419,0.11034002,2.9434328,23
2040,0.7486015,0.38511306,1.869691,0
2041,0.06892632,0.7131284,1.3309836,1
2042,0.71307546,0.6427156,3.2704685,2
2043,0.4949706,0.2954226,3.5926292,3
2044,0.6332483,0.39257255,4.163964,4
2045,0.5446909,0.39156303,2.487857,5
2046,0.33984026,0.6860202,2.5211291,6
2047,0.24021411,0.30461767,3.7247448,7
2048,0.81560194,0.3895774,0.8743698,8
2049,0.1924569,0.76867193,1.7178308,9
2050,0.24941145,0.001567426,3.8525782,10
2051,0.42631033,0.20151196,4.1856,11
2052,0.08030982,0.3066385,3.319406,12
2053,0.33820456,0.28631288,4.1327972,13
2054,0.15423368,0.3585677,2.7167397,14
2055,0.11804392,0.70981836,1.6109641,15
2056,0.22005896,0.28172535,5.8825583,16
2057,0.64625984,0.4556421,4.5011287,17
2058,0.33728662,0.07679779,6.6447783,18
2059,0.7835726,0.25548565,2.90679,19
2060,0.18106213,0.19728737,2.0389497,20
2061,0.36006144,0.2638523,3.6924524,21
2062,0.14809155,0.3483157,1.3017812,22
2063,0.13934925,0.7454117,1.7195799,23
2064,0.60012484,0.4667999,3.135735,0
2065,0.08350937,0.91261405,1.6133378,1
2066,0.7833211,0.44713473,4.003511,2
2067,0.32026613,0.34805283,3.8769093,3
2068,0.58779824,0.39470822,3.2581673,4
2069,0.45118615,0.44989952,2.5972059,5
2070,0.56461275,0.49532357,4.0988092,6
2071,0.22366071,0.31270355,3.1435277,7
2072,0.7776901,0.57891166,2.6072254,8
2073,0.41283146,0.6990213,2.460695,9
2074,0.07646035,0.21357755,2.261753,10
2075,0.30761528,0.24834266,5.6175013,11
2076,0.2934872,0.2036234,4.695912,12
2077,0.5308334,0.17825161,2.5837674,13
2078,0.21620698,0.49749485,3.3077064,14
2079,0.10190268,0.24430005,2.3874564,15
2080,0.18402176,0.23961876,5.397501,16
2081,0.78487295,0.4166078,3.0541942,17
2082,0.2646855,0.12010267,6.2021027,18
2083,0.6529349,0.5750565,2.8696892,19
2084,0.075152665,0.36600098,1.1815579,20
2085,0.3271156,0.1523605,2.9433248,21
2086,0.14838615,0.18561576,4.507852,22
2087,0.23543534,0.68373,2.2315612,23
2088,0.7872559,0.2938944,3.2516992,0
2089,0.13264257,0.39039224,2.4938092,1
2090,0.65102315,0.5662498,3.4804974,2
2091,0.4289978,0.43392083,2.711967,3
2092,0.664524,0.35143325,4.0082073,4
2093,0.50113934,0.8057554,1.5458542,5
2094,0.5384672,0.75881684,4.0569015,6
2095,0.19334246,0.37616226,2.7056167,7
2096,0.6453228,0.5559456,1.5793706,8
2097,0.31993392,0.7333426,1.9372952,9
2098,0.1490941,0.069163136,1.6525335,10
2099,0.2987417,0.25588265,3.941155,11
2100,0.18427075,0.12809913,5.1453533,12
2101,0.51294965,0.22918119,5.0331955,13
2102,0.09888415,0.46046248,2.1032755,14
2103,0.05013845,0.057310887,2.984182,15
2104,0.17503263,0.22316091,3.9838576,16
2105,0.79878,0.522775,4.5475774,17
2106,0.178553,0.1704355,4.2363687,18
2107,0.48146737,0.126417,2.8344166,19
2108,0.13488193,0.16793647,2.923131,20
2109,0.19379874,0.20522647,4.4051538,21
2110,0.1084708,0.20809597,5.0838814,22
2111,0.2853248,0.66598684,0.90471154,23
2112,0.7360625,0.33042112,3.55855,0
2113,0.15208144,0.2624368,2.1418896,1
2114,0.7704877,0.5219992,4.096569,2
2115,0.30199885,0.46608615,4.2230577,3
2116,0.77340704,0.41140047,3.7315001,4
2117,0.37483346,0.5370585,2.7588818,5
2118,0.48075256,0.59967226,2.79611,6
2119,0.25393695,0.26425228,1.5743734,7
2120,0.81381863,0.48431808,1.6676592,8
2121,0.18408051,0.7542382,2.4497728,9
2122,0.24183276,0.01775836,2.1531029,10
2123,0.38698864,0.32349056,4.3674216,11
2124,0.20677678,0.15117387,5.729601,12
2125,0.2755154,0.17430286,4.5087333,13
2126,0.090769656,0.5074649,2.4358332,14
2127,0.16628088,0.12457377,4.2630043,15
2128,0.21835667,0.29586056,5.164913,16
2129,0.9411328,0.44667414,1.6805638,17
2130,0.2186566,0.12346452,6.4534054,18
2131,0.74475443,0.12975775,2.2231743,19
2132,0.1023104,0.6035748,1.7231327,20
2133,0.43541604,0.2007082,4.7846684,21
2134,0.15749894,0.15472205,2.7608693,22
2135,0.01658022,0.7341725,4.087732,23
2136,0.5162003,0.257119,2.929187,0
2137,0.17977159,0.9695143,1.5035214,1
2138,0.76256436,0.48296526,3.9511824,2
2139,0.42633238,0.25552294,3.6331935,3
2140,0.6578269,0.25353467,4.5188193,4
2141,0.6932106,0.70631,2.1087453,5
2142,0.7572607,0.7740112,3.7056317,6
2143,0.2795685,0.50702244,4.867168,7
2144,0.7103629,0.8501478,3.5177732,8
2145,0.33173037,0.53210425,2.0805051,9
2146,0.09517841,0.64664334,1.0038327,10
2147,0.4304296,0.27974004,6.060111,11
2148,0.09559251,0.089594096,4.203459,12
2149,0.39711666,0.31164306,3.5580525,13
2150,0.088331886,0.6489378,4.2906995,14
2151,0.04669937,0.09494136,3.8406415,15
2152,0.2130267,0.37662148,4.6544905,16
2153,0.58313465,0.43296865,3.3560278,17
2154,0.230968,0.15648365,6.0129476,18
2155,0.660278,0.29238048,3.3228502,19
2156,0.17621449,0.25475582,2.0898745,20
2157,0.3564778,0.14338262,4.002511,21
2158,0.10036972,0.108212925,5.6296926,22
2159,0.18894468,0.7595835,2.9067528,23
2160,0.78916824,0.36088714,4.534183,0
2161,0.1552241,0.010204275,2.570844,1
2162,0.7221636,0.60774684,4.170131,2
2163,0.36719996,0.29529014,3.627181,3
2164,0.76201534,0.3229892,2.9226484,4
2165,0.4294586,0.6123328,1.9950583,5
2166,0.38839415,0.66626763,3.1951346,6
2167,0.27229026,0.3497753,2.5950818,7
2168,0.80908155,0.83172107,1.2674688,8
2169,0.46594727,0.70047706,4.0828886,9
2170,0.129002,0.042198386,1.9071196,10
2171,0.3621701,0.29778808,3.9120069,11
2172,0.19548394,0.24892525,4.577479,12
2173,0.3463583,0.24221256,4.2073226,13
2174,0.23447208,0.31199554,2.5477052,14
2175,0.1434817,0.046130806,3.7848415,15
2176,0.18827288,0.23990016,4.9647675,16
2177,0.852846,0.5506648,4.5560665,17
2178,0.1702851,0.3203838,4.00196,18
2179,0.5954307,0.23282929,3.5845234,19
2180,0.18896416,0.22892848,2.337902,20
2181,0.5726668,0.25033256,5.026219,21
2182,0.116140075,0.24277274,3.9391134,22
2183,0.08527479,0.7387835,2.121954,23
2184,0.50374913,0.6352565,3.784079,0
2185,0.19547372,0.15714341,1.7309296,1
2186,0.76825863,0.6374891,5.2608542,2
2187,0.55833125,0.42446008,5.191819,3
2188,0.42136788,0.47536498,5.614453,4
2189,0.6675673,0.7646471,1.610851,5
2190,0.78129846,0.4512325,3.620851,6
2191,0.3373395,0.3463609,3.7324677,7
2192,0.77425647,0.8851146,2.2746875,8
2193,0.40739852,0.72934335,1.819724,9
2194,0.16512443,0.30925146,1.8298966,10
2195,0.36765584,0.25486013,4.164086,11
2196,0.09384335,0.080154605,5.0999937,12
2197,0.2718211,0.19661105,4.3892345,13
2198,0.13952507,0.4853067,3.6382332,14
2199,0.080293395,0.54474014,1.6363119,15
2200,0.24425773,0.2495347,4.8938994,16
2201,0.878999,0.33220348,3.9674373,17
2202,0.16687213,0.17085254,6.1185217,18
2203,0.7289838,0.16162236,2.2995758,19
2204,0.2262238,0.17582835,2.4350548,20
2205,0.5031628,0.19045335,5.042672,21
2206,0.103051245,0.10453964,5.0586104,22
2207,0.1907824,0.93502444,2.448229,23
2208,0.8212503,0.3281972,3.0424142,0
2209,0.1875157,0.9030162,1.8178396,1
2210,0.6947774,0.84756565,4.439305,2
2211,0.323794,0.27731305,3.022106,3
2212,0.5537922,0.48961997,5.1066628,4
2213,0.5547001,0.56781244,1.8762732,5
2214,0.45062888,0.45014483,2.4307036,6
2215,0.23473,0.25384745,2.3000572,7
2216,0.5707319,0.8234862,2.6681304,8
2217,0.31971055,0.85154164,1.888002,9
2218,0.05079585,0.22657837,1.9214965,10
2219,0.2076097,0.28752974,5.8507943,11
2220,0.13529553,0.14306238,4.3483534,12
2221,0.41751757,0.23281571,4.3978257,13
2222,0.09268122,0.5025507,4.044791,14
2223,0.19408417,0.0018302256,6.925459,15
2224,0.17793311,0.2760458,2.818987,16
2225,0.7795807,0.1962719,4.4299726,17
2226,0.13195542,0.19074282,5.8216767,18
2227,0.67257214,0.21806976,2.966757,19
2228,0.22452492,0.12441774,3.1730714,20
2229,0.27359933,0.115826726,4.6338224,21
2230,0.1188204,0.23046635,3.5975418,22
2231,0.16211435,0.3279856,2.0694911,23
2232,0.6209256,0.4147179,2.7385788,0
2233,0.15839802,0.16668995,1.9788148,1
2234,0.8021559,0.60381573,3.4480894,2
2235,0.59935653,0.4060886,2.8944254,3
2236,0.617337,0.3886578,5.247176,4
2237,0.5126507,0.5414505,1.5993071,5
2238,0.6632186,0.57757115,3.3827448,6
2239,0.31848124,0.26306775,3.6883113,7
2240,0.45750755,0.731597,1.4016166,8
2241,0.5579864,0.73550034,2.0200243,9
2242,0.17534333,0.04564785,2.7232935,10
2243,0.42038643,0.20921317,6.3065386,11
2244,0.11210852,0.10215091,3.8540072,12
2245,0.34149334,0.22677048,4.56295,13
2246,0.16305591,0.27576318,2.3555186,14
2247,0.09721001,0.03049667,4.377967,15
2248,0.13559294,0.33658513,5.4911017,16
2249,0.67693776,0.5192838,5.4026837,17
2250,0.13659857,0.21402292,5.0815964,18
2251,0.7125775,0.12340924,2.3740454,19
2252,0.10991779,0.055740587,4.464643,20
2253,0.42251807,0.2684813,4.543783,21
2254,0.1970801,0.18552075,3.2108016,22
2255,0.43735203,0.8890103,1.0894812,23
2256,0.63541985,0.30265763,4.488991,0
2257,0.07863948,0.3675472,1.7998241,1
2258,0.50480783,0.6153923,4.7694783,2
2259,0.20412847,0.27598017,3.0154357,3
2260,0.5815244,0.40558094,5.393889,4
2261,0.4914299,0.69346976,2.1432915,5
2262,0.5078807,0.5743103,3.5050366,6
2263,0.26745486,0.31482482,2.5453882,7
2264,0.76473206,0.33423668,1.1943244,8
2265,0.3192982,0.89060307,1.4771821,9
2266,0.36313516,0.4567696,2.1944306,10
2267,0.42104918,0.23373571,5.5878205,11
2268,0.24968474,0.16679657,4.5279775,12
2269,0.3414939,0.1439426,3.083,13
2270,0.11519537,0.34671813,3.4942627,14
2271,0.07680492,0.118606485,2.9300466,15
2272,0.12584233,0.2510785,4.4245253,16
2273,0.79757404,0.36798453,4.8946705,17
2274,0.12556987,0.25294265,4.037864,18
2275,0.6745131,0.27468255,3.647159,19
2276,0.09619437,0.21927686,1.8195374,20
2277,0.5402386,0.1963159,3.6478221,21
2278,0.1588862,0.1748262,4.548629,22
2279,0.13672028,0.24315618,2.6402402,23
2280,0.8636666,0.3792693,3.6934094,0
2281,0.14487077,0.33859146,1.5051688,1
2282,0.758075,0.63380027,3.9410017,2
2283,0.51836133,0.2868932,3.0655599,3
2284,0.62566805,0.47298464,4.717122,4
2285,0.54936284,0.63272923,2.0847108,5
2286,0.54060894,0.4854745,2.177858,6
2287,0.35740563,0.25539216,2.7398052,7
2288,0.76744205,0.75556135,2.0033653,8
2289,0.33525932,0.8399246,2.3812487,9
2290,0.19892365,0.47981492,0.9105562,10
2291,0.41988623,0.20282483,6.4862113,11
2292,0.05598237,0.13464253,3.7296798,12
2293,0.44630113,0.20957945,4.676944,13
2294,0.10960634,0.41680843,1.6907165,14
2295,0.11996887,0.99358577,0.5565273,15
2296,0.18298395,0.28127787,4.595043,16
2297,0.40740645,0.35230094,4.3798714,17
2298,0.28777716,0.14992025,4.5961185,18
2299,0.5917382,0.17210227,2.29843,19
2300,0.28731337,0.055789173,3.1557107,20
2301,0.41108665,0.21735738,2.9737747,21
2302,0.21583164,0.29871637,2.7367136,22
2303,0.04026291,0.86969954,2.097341,23
2304,0.7092492,0.38242978,5.168252,0
2305,0.17325352,0.5579798,1.8574796,1
2306,0.7424159,0.61158484,4.2114453,2
2307,0.37779075,0.40104997,4.351604,3
2308,0.58630466,0.2685261,3.4913514,4
2309,0.6082861,0.5189225,2.2067184,5
2310,0.2612107,0.52014476,2.8447065,6
2311,0.1852489,0.30434793,2.5965085,7
2312,0.81603634,0.91161764,2.0539992,8
2313,0.33011526,0.84844345,2.4262156,9
2314,0.011767652,0.6921731,1.7406714,10
2315,0.5329889,0.16253053,4.8623195,11
2316,0.14645542,0.14260094,3.832219,12
2317,0.20922825,0.29757446,5.0562267,13
2318,0.24189287,0.29612684,3.33559,14
2319,0.20636958,0.0011742696,7.7488327,15
2320,0.22139484,0.21735536,3.537074,16
2321,0.71062654,0.4550792,3.176696,17
2322,0.19299302,0.14314078,6.516567,18
2323,0.7066206,0.1615186,2.218036,19
2324,0.1798342,0.10011026,3.9652624,20
2325,0.46044046,0.22126758,3.5915837,21
2326,0.10715841,0.117716685,4.4953966,22
2327,0.10742058,0.777416,3.286811,23
2328,0.7401713,0.30763176,3.3991542,0
2329,0.14004317,0.9724213,0.9266633,1
2330,0.6858648,0.6808026,2.9528608,2
2331,0.16458343,0.23935747,3.240079,3
2332,0.3745032,0.3827319,4.898163,4
2333,0.58217865,0.528775,2.8280923,5
2334,0.64131707,0.38618687,2.5887194,6
2335,0.16896445,0.29235402,3.1637287,7
2336,0.7376634,0.781052,1.1227523,8
2337,0.24988638,0.7472177,1.4725478,9
2338,0.19830994,0.008746488,4.2564654,10
2339,0.30265146,0.20299023,5.5413427,11
2340,0.19811003,0.18084377,4.417884,12
2341,0.2280112,0.18854173,2.7609599,13
2342,0.10405278,0.50072074,3.2955995,14
2343,0.23656254,0.017957395,3.2516465,15
2344,0.18632606,0.44191083,6.2125354,16
2345,0.79039013,0.4333075,3.2118168,17
2346,0.15133269,0.12873779,7.082802,18
2347,0.7959746,0.43302435,3.291823,19
2348,0.085340776,0.26758578,2.5822866,20
2349,0.4698718,0.09673237,4.158335,21
2350,0.2027259,0.23720208,2.9277115,22
2351,0.40008157,0.8012444,1.0874413,23
2352,0.60489637,0.4900252,4.5343347,0
2353,0.21857783,0.0034576678,1.7256277,1
2354,0.7598977,0.70139134,3.6534426,2
2355,0.2601274,0.24782698,4.0706363,3
2356,0.6325862,0.47721726,5.49648,4
2357,0.60616136,0.4652374,1.6526785,5
2358,0.5729062,0.54572725,2.8921292,6
2359,0.31725585,0.39015526,3.0876212,7
2360,0.5920161,0.37018016,0.7485957,8
2361,0.29848462,0.6641125,1.715184,9
2362,0.1082486,0.16254546,2.2430525,10
2363,0.33548614,0.35270277,4.2534394,11
2364,0.0669267,0.32542267,4.7350874,12
2365,0.5512337,0.24928862,4.0223846,13
2366,0.15158597,0.2562371,2.4482737,14
2367,0.12924518,0.8464529,2.3622146,15
2368,0.1592702,0.26854813,4.3835726,16
2369,0.8629607,0.34259194,3.7147846,17
2370,0.25193766,0.083937965,6.676265,18
2371,0.66427994,0.24353246,3.5637882,19
2372,0.106283896,0.081132844,3.5040774,20
2373,0.43032512,0.14484657,2.9547,21
2374,0.11066682,0.2339775,2.4038758,22
2375,0.4810887,0.81216866,0.9898281,23
2376,0.6229356,0.38699567,3.267038,0
2377,0.1679842,0.032999303,0.9029356,1
2378,0.6271986,0.70079976,4.825515,2
2379,0.32437372,0.3352119,4.309865,3
2380,0.6418067,0.3712554,4.7328076,4
2381,0.64362717,0.6168758,1.79851,5
2382,0.65722305,0.43509865,2.7268891,6
2383,0.28397346,0.3465001,2.7766757,7
2384,0.87947404,0.5097171,1.458483,8
2385,0.35030007,0.70800114,3.1604743,9
2386,0.11786616,0.4200328,2.2616973,10
2387,0.43628567,0.298431,3.9424152,11
2388,0.121906236,0.11834169,4.763054,12
2389,0.35386172,0.17223044,3.5782423,13
2390,0.1858906,0.36232954,2.4465828,14
2391,0.16402347,0.49376622,1.8877878,15
2392,0.15425308,0.2966611,4.53152,16
2393,0.86638355,0.39936504,3.8802502,17
2394,0.21014155,0.14263427,6.111791,18
2395,0.8410658,0.25569773,2.6654708,19
2396,0.16842248,0.26138532,2.533802,20
2397,0.41986638,0.15476334,5.076455,21
2398,0.08838871,0.091114275,5.2274523,22
2399,0.27750862,0.7633545,1.379055,23
2400,0.50355357,0.35794488,3.697572,0
2401,0.13529564,0.569153,1.4287423,1
2402,0.79552865,0.78345406,4.7636366,2
2403,0.26656815,0.3453865,3.1305888,3
2404,0.6505167,0.23195526,4.041776,4
2405,0.32543802,0.6646082,3.1775184,5
2406,0.579604,0.44152325,1.6466647,6
2407,0.32764307,0.3110002,2.6331582,7
2408,0.8651032,0.65972465,1.5933046,8
2409,0.26742595,0.6801413,2.9624484,9
2410,0.06704267,0.8445659,1.0407307,10
2411,0.37436706,0.2878469,3.579768,11
2412,0.094632834,0.19942942,5.363688,12
2413,0.36509344,0.2665887,4.4277396,13
2414,0.12283421,0.71284175,3.848356,14
2415,0.12047084,0.50688165,2.742291,15
2416,0.17036773,0.40523228,4.4292693,16
2417,0.84199715,0.515283,3.211976,17
2418,0.17811851,0.15865825,5.121868,18
2419,0.6589961,0.17156415,2.141412,19
2420,0.21607734,0.2902049,2.575946,20
2421,0.31653157,0.29784507,3.1695986,21
2422,0.21881264,0.24981375,1.8818352,22
2423,0.0823583,0.36242384,2.1666796,23
2424,0.7385979,0.38780254,3.6838343,0
2425,0.08020371,0.87159693,1.6819881,1
2426,0.76208335,0.38740113,4.38492,2
2427,0.40161946,0.38289762,3.7981808,3
2428,0.6122966,0.32079956,5.5410004,4
2429,0.52839357,0.5308242,1.9113661,5
2430,0.5724401,0.40278506,1.590864,6
2431,0.20018706,0.28603497,2.703017,7
2432,0.8064632,0.8432494,2.0355198,8
2433,0.42206067,0.5952858,2.0314739,9
2434,0.283157,0.22737698,2.1553578,10
2435,0.4717649,0.24152273,6.2010736,11
2436,0.16118707,0.09413165,4.7398095,12
2437,0.38316867,0.27411824,3.5600276,13
2438,0.118139215,0.40809658,3.4676728,14
2439,0.10767468,0.6890973,1.4567862,15
2440,0.16252998,0.34665045,6.163091,16
2441,0.6693674,0.5829888,4.7566853,17
2442,0.23786521,0.14996147,6.2426558,18
2443,0.5201099,0.4387419,4.0646677,19
2444,0.103389256,0.04513593,5.29051,20
2445,0.33580446,0.24799965,4.3798585,21
2446,0.12463754,0.08277916,4.3287873,22
2447,0.60048515,0.7206865,1.1069789,23
2448,0.6684001,0.23945545,3.2919817,0
2449,0.11217921,0.55573785,2.2610857,1
2450,0.59895784,0.72349817,3.649139,2
2451,0.35021544,0.23144098,2.5971928,3
2452,0.73950523,0.3018981,3.9187102,4
2453,0.44882235,0.5474409,2.5729132,5
2454,0.5605138,0.5823037,3.1646733,6
2455,0.2191187,0.34205478,2.1553347,7
2456,0.7514004,0.75206465,2.1922007,8
2457,0.4512511,0.60977244,1.5305982,9
2458,0.029222379,0.6333155,1.222579,10
2459,0.39297962,0.17784643,6.327749,11
2460,0.10589521,0.13837074,4.662323,12
2461,0.44077417,0.22017878,3.5824454,13
2462,0.17095423,0.47949907,3.1825323,14
2463,0.13844083,0.033350796,4.1803403,15
2464,0.21219654,0.4244399,5.9854317,16
2465,0.46384966,0.45755258,5.4557414,17
2466,0.1757512,0.30072334,3.1983504,18
2467,0.73612213,0.30027476,2.6860714,19
2468,0.088190466,0.038239237,4.1843677,20
2469,0.32971868,0.23607971,5.5703096,21
2470,0.21115035,0.19061401,3.0203195,22
2471,0.22309197,0.6508558,1.9114141,23
2472,0.74404126,0.34292197,3.9375768,0
2473,0.079210065,0.9698098,1.2445862,1
2474,0.74172217,0.6507496,4.3242316,2
2475,0.50621593,0.26422593,2.8152597,3
2476,0.4735136,0.30437747,5.097466,4
2477,0.67457443,0.41138268,1.7280955,5
2478,0.5033408,0.40133822,2.3502574,6
2479,0.3176121,0.31121582,2.6323943,7
2480,0.87650603,0.58054084,1.7933619,8
2481,0.3697333,0.62442976,2.1709762,9
2482,0.07882753,0.14477454,1.8258582,10
2483,0.29162684,0.18208413,4.0972786,11
2484,0.1884453,0.2032772,3.445033,12
2485,0.30389068,0.16332534,4.8202925,13
2486,0.17519118,0.5852401,3.3849888,14
2487,0.1795936,0.038427137,3.5099707,15
2488,0.20359358,0.24453458,3.5356212,16
2489,0.79724735,0.18716253,2.5912287,17
2490,0.26530766,0.22458242,2.7328124,18
2491,0.7541103,0.09492012,2.4599943,19
2492,0.12632228,0.3920825,1.0526217,20
2493,0.5269105,0.16468713,4.133432,21
2494,0.09220271,0.14549997,2.972321,22
2495,0.26826063,0.59083664,2.1606154,23
2496,0.75760025,0.31659025,3.8989348,0
2497,0.1761305,0.959834,1.9457273,1
2498,0.678022,0.59825265,5.6620436,2
2499,0.6830471,0.26992914,4.3984704,3
2500,0.48327,0.20755675,3.3201683,4
2501,0.667594,0.53591835,1.3679725,5
2502,0.4264581,0.60607684,2.6085498,6
2503,0.21764901,0.2222329,2.6897717,7
2504,0.5949586,0.72864723,1.2920864,8
2505,0.48831493,0.4049634,2.6958468,9
2506,0.30134585,0.80312604,0.97712505,10
2507,0.4645681,0.270376,5.132423,11
2508,0.2515655,0.16562575,4.261653,12
2509,0.39112726,0.15848589,4.280261,13
2510,0.12054446,0.37944913,2.6274397,14
2511,0.1132901,0.1110511,4.2236032,15
2512,0.25464353,0.39360467,4.9842544,16
2513,0.6751646,0.6652244,3.7202826,17
2514,0.19960222,0.36510083,5.201466,18
2515,0.7023159,0.13221596,3.402002,19
2516,0.22104225,0.13567668,5.5121255,20
2517,0.5424854,0.13238113,2.7932158,21
2518,0.16181295,0.07906226,5.290263,22
2519,0.11513779,0.4552941,0.9096391,23
2520,0.87114644,0.3385095,3.1707435,0
2521,0.105385624,0.9384463,2.3308344,1
2522,0.8133857,0.60629034,3.2552445,2
2523,0.5574158,0.30007377,3.668415,3
2524,0.74833995,0.26012024,3.9323077,4
2525,0.2826204,0.5970363,2.18766,5
2526,0.6446304,0.7477362,3.2467198,6
2527,0.3721216,0.5166782,3.8805413,7
2528,0.9238379,0.53956383,1.8550347,8
2529,0.5417015,0.66544074,2.7344103,9
2530,0.23595615,0.6035585,1.8780254,10
2531,0.37283507,0.23103805,6.093018,11
2532,0.11449631,0.18296988,6.012517,12
2533,0.3688034,0.15053517,3.0570955,13
2534,0.10615856,0.35562038,2.9197285,14
2535,0.14628316,0.3121179,3.3202195,15
2536,0.20287092,0.32626438,3.9175532,16
2537,0.80214447,0.29653686,2.765327,17
2538,0.09308791,0.24453789,6.006934,18
2539,0.7572642,0.35887358,2.4806566,19
2540,0.16511817,0.025561206,4.8815637,20
2541,0.3333205,0.27171168,3.8948867,21
2542,0.09469599,0.25995407,3.4314802,22
2543,0.06995577,0.6791897,2.2261252,23
2544,0.80139554,0.4701129,2.6161406,0
2545,0.1314389,0.18714914,1.1244425,1
2546,0.8607729,0.7919967,2.4172149,2
2547,0.3888253,0.36087814,3.6674633,3
2548,0.6703693,0.2589432,4.784292,4
2549,0.4438632,0.7418816,2.3460286,5
2550,0.63447607,0.6161084,2.2275329,6
2551,0.30374804,0.2857499,3.1710296,7
2552,0.77005917,0.79761046,2.5158906,8
2553,0.30251798,0.53284013,1.6623598,9
2554,0.06471228,0.92636466,1.7564297,10
2555,0.5285154,0.29583415,5.124139,11
2556,0.15233292,0.22271746,3.5482388,12
2557,0.3225763,0.16429856,3.5593152,13
2558,0.23343065,0.18836252,3.2617118,14
2559,0.15578589,0.0041522966,6.7029333,15
2560,0.22818281,0.24629672,5.460935,16
2561,0.8634642,0.3080518,1.6919945,17
2562,0.16786577,0.16847257,6.1672754,18
2563,0.6622938,0.38625097,3.6624503,19
2564,0.12678818,0.15967613,3.1021204,20
2565,0.42295086,0.2601555,4.2907147,21
2566,0.16056308,0.117353596,2.9609728,22
2567,0.06545981,0.2534517,4.3836503,23
2568,0.79298043,0.3624349,3.2135658,0
2569,0.18082583,0.04078982,0.8172843,1
2570,0.7316119,0.44545865,2.5608006,2
2571,0.6490688,0.19646811,3.5109158,3
2572,0.73732066,0.36869332,4.3227806,4
2573,0.43704,0.64198375,2.5192425,5
2574,0.62003654,0.6330702,2.6233363,6
2575,0.1767809,0.23083003,3.340008,7
2576,0.7081753,0.6542403,1.2313783,8
2577,0.23619764,0.90137,4.001851,9
2578,0.23212747,0.011074301,2.377781,10
2579,0.42684078,0.34286293,6.712403,11
2580,0.15614201,0.17322148,4.4012575,12
2581,0.42170918,0.40708005,4.1368246,13
2582,0.17793041,0.24298325,2.2182126,14
2583,0.1596015,0.005066763,5.767517,15
2584,0.32693925,0.3485175,4.0805545,16
2585,0.59648335,0.30850482,5.098853,17
2586,0.16138887,0.18253404,2.9756045,18
2587,0.5651811,0.12826003,2.4893508,19
2588,0.19232097,0.12367743,3.4095695,20
2589,0.250627,0.3337402,3.0937657,21
2590,0.28082532,0.1156062,3.197396,22
2591,0.037179906,0.73686093,3.552393,23
2592,0.6346708,0.4439707,3.961256,0
2593,0.1984185,0.13182914,1.0944202,1
2594,0.5028222,0.47200516,3.8496473,2
2595,0.41879192,0.34033534,3.1186602,3
2596,0.62452936,0.30721864,5.101805,4
2597,0.53090155,0.5286316,2.268956,5
2598,0.37785107,0.55745614,2.3148575,6
2599,0.19463538,0.33835116,3.1743648,7
2600,0.73388577,0.8397598,2.1414034,8
2601,0.364543,0.68756807,2.6438854,9
2602,0.081597924,0.6474762,1.1620518,10
2603,0.41132087,0.11082451,4.0191007,11
2604,0.1297865,0.11186837,3.5789444,12
2605,0.35764757,0.34168756,3.8628502,13
2606,0.19101138,0.34554917,3.185581,14
2607,0.17209925,0.00013309471,7.130506,15
2608,0.1609331,0.28579372,4.9870863,16
2609,0.7097271,0.3929142,4.3240027,17
2610,0.13364953,0.14708394,4.0606933,18
2611,0.6227013,0.33679587,3.3574085,19
2612,0.037947122,0.50305897,1.4316676,20
2613,0.34032556,0.21525428,3.84024,21
2614,0.114015505,0.08605465,3.8515198,22
2615,0.14182785,0.32596973,1.273799,23
2616,0.82151276,0.14962852,2.2071948,0
2617,0.124315955,0.23817658,2.4724507,1
2618,0.7277158,0.6233407,5.5701537,2
2619,0.3995255,0.3341934,4.584653,3
2620,0.6906462,0.44465363,4.8497486,4
2621,0.57289726,0.6773887,1.4104019,5
2622,0.7686754,0.5281762,1.7899594,6
2623,0.3225642,0.21791384,3.4659648,7
2624,0.7907446,0.4618062,1.0096356,8
2625,0.31716505,0.8095,1.5110502,9
2626,0.25290394,0.6817237,1.7652546,10
2627,0.3977387,0.26150486,6.771233,11
2628,0.1436205,0.32601678,4.7888756,12
2629,0.3717074,0.25318936,5.3373833,13
2630,0.15230317,0.6045021,4.815374,14
2631,0.24633838,0.6426073,1.1082164,15
2632,0.25459528,0.24841365,4.897819,16
2633,0.712496,0.45621166,3.7143564,17
2634,0.23006445,0.14238791,5.3222656,18
2635,0.8753789,0.34917954,3.0613894,19
2636,0.19097696,0.013262238,6.098662,20
2637,0.48285845,0.10489527,3.588203,21
2638,0.22535105,0.11229638,4.426513,22
2639,0.58931416,0.923491,0.7285059,23
2640,0.6790202,0.46884513,3.288773,0
2641,0.07444794,0.025351739,1.724727,1
2642,0.6703669,0.60913044,4.164561,2
2643,0.29618385,0.23703754,4.8028283,3
2644,0.6843904,0.3880657,3.9834294,4
2645,0.6330783,0.49213624,2.4679484,5
2646,0.62476486,0.5624012,2.3754866,6
2647,0.16689284,0.24695987,2.3752036,7
2648,0.74908704,0.57950723,2.056612,8
2649,0.31940362,0.8067682,2.5428886,9
2650,0.34546337,0.11676746,1.1251335,10
2651,0.47711232,0.2267087,5.7674065,11
2652,0.19192766,0.14212607,4.7427053,12
2653,0.32008678,0.282564,3.5985417,13
2654,0.24525855,0.35589364,1.5841513,14
2655,0.24822365,0.4356233,2.9489257,15
2656,0.19652288,0.26504493,6.225684,16
2657,0.7499216,0.40468302,3.7379541,17
2658,0.26863584,0.26347768,3.6499927,18
2659,0.82990736,0.19814874,3.3005188,19
2660,0.09038463,0.23998418,2.4927204,20
2661,0.44715586,0.12552115,4.5273933,21
2662,0.13206401,0.45313337,1.4728028,22
2663,0.20885135,0.6443929,1.2924604,23
2664,0.5300922,0.27719578,3.250824,0
2665,0.20870252,0.97222114,2.4717262,1
2666,0.8036641,0.49911395,4.133808,2
2667,0.33740696,0.46044824,3.9776983,3
2668,0.5061182,0.2703369,4.411554,4
2669,0.5076878,0.6296755,1.31729,5
2670,0.66012955,0.22772808,4.1615124,6
2671,0.30385983,0.2239013,2.47459,7
2672,0.47432196,0.8182622,2.537641,8
2673,0.40591985,0.67383987,1.2332819,9
2674,0.066025384,0.0032696568,3.0220234,10
2675,0.32250535,0.20975438,4.8720894,11
2676,0.21742807,0.2719079,5.1075544,12
2677,0.31040445,0.1816515,5.0712175,13
2678,0.21103182,0.33219874,1.7065953,14
2679,0.1595064,0.0016102302,4.7273664,15
2680,0.23179407,0.38159335,5.145138,16
2681,0.7497872,0.492796,3.094511,17
2682,0.16274576,0.07365727,8.160816,18
2683,0.76074,0.27363387,2.5745523,19
2684,0.33576038,0.058815744,4.910761,20
2685,0.5354242,0.11384186,3.8710418,21
2686,0.1419799,0.14163183,3.633335,22
2687,0.2555541,0.7349432,2.063501,23
2688,0.5869558,0.2259133,2.4613853,0
2689,0.102312244,0.9690635,1.4509511,1
2690,0.50916034,0.5312775,4.112814,2
2691,0.477375,0.24651736,4.279562,3
2692,0.67371875,0.4031682,3.5740364,4
2693,0.44129035,0.4299664,1.6498907,5
2694,0.42302117,0.25513473,1.7635928,6
2695,0.385225,0.46076438,1.8905015,7
2696,0.7306202,0.7767057,1.6444058,8
2697,0.5160612,0.86434996,3.5048356,9
2698,0.076090716,0.36157793,1.697078,10
2699,0.37897772,0.25634122,5.752445,11
2700,0.19488533,0.21654584,5.0151844,12
2701,0.46980622,0.20565826,4.6404543,13
2702,0.15545526,0.3828199,4.172139,14
2703,0.28967944,0.00093786046,5.7649803,15
2704,0.22319692,0.19866948,3.322363,16
2705,0.844159,0.42177844,3.1565447,17
2706,0.24618621,0.11571126,7.1260242,18
2707,0.5298769,0.11439321,2.341734,19
2708,0.14596538,0.10560033,4.3174567,20
2709,0.4195761,0.23838598,4.195418,21
2710,0.08321153,0.37118918,2.4028943,22
2711,0.4716503,0.9508595,0.76639485,23
2712,0.7114827,0.54971933,2.6983957,0
2713,0.16670519,0.6611462,1.465572,1
2714,0.6659151,0.4438218,3.3240256,2
2715,0.439388,0.3781334,3.6734555,3
2716,0.6836041,0.3505562,4.9009266,4
2717,0.5755214,0.68712294,4.3814106,5
2718,0.68736243,0.3244222,3.51918,6
2719,0.28941318,0.22402935,3.012276,7
2720,0.75219893,0.79243284,1.1345425,8
2721,0.4191874,0.65455467,1.9831519,9
2722,0.18979934,0.10636185,3.2499375,10
2723,0.3667948,0.21621291,5.1418962,11
2724,0.1434114,0.17493573,4.6437745,12
2725,0.37946498,0.22134791,3.8860967,13
2726,0.18301962,0.41076693,4.2858887,14
2727,0.056355882,0.6280037,2.7154698,15
2728,0.25608292,0.3069511,4.9150686,16
2729,0.8307689,0.49261692,4.9099455,17
2730,0.18892641,0.30011708,5.2462773,18
2731,0.70496863,0.075851396,2.2081957,19
2732,0.18977983,0.18295489,3.0474184,20
2733,0.41810602,0.26270574,5.180238,21
2734,0.16211647,0.18605275,3.7526803,22
2735,0.16172417,0.7335755,2.5725605,23
2736,0.714567,0.2793176,3.5366397,0
2737,0.11436165,0.23451707,1.2850541,1
2738,0.68022555,0.7046589,6.0200777,2
2739,0.26382583,0.31207287,2.701363,3
2740,0.7147525,0.2104086,5.0398884,4
2741,0.46182942,0.5922707,1.6736876,5
2742,0.6811758,0.3480552,1.3646033,6
2743,0.15383206,0.27208614,2.9098468,7
2744,0.26432842,0.81538415,2.4051938,8
2745,0.51057553,0.5303663,2.3067145,9
2746,0.13956068,0.9310246,1.6631308,10
2747,0.34464684,0.27555618,4.0853925,11
2748,0.12819138,0.16334583,4.4566736,12
2749,0.26877445,0.2645755,5.3564806,13
2750,0.10511052,0.49285373,2.8823285,14
2751,0.077562064,0.04426258,3.6287534,15
2752,0.27398884,0.3917535,4.604565,16
2753,0.8180726,0.41990364,2.9221914,17
2754,0.17699082,0.4021295,4.4667974,18
2755,0.42332304,0.12554651,2.9821813,19
2756,0.06650523,0.5880059,2.2020254,20
2757,0.38673556,0.11429,3.3911312,21
2758,0.10534025,0.087480366,5.541423,22
2759,0.07687394,0.69928443,1.3938954,23
2760,0.7202435,0.23540759,4.862944,0
2761,0.1091811,0.058553122,2.3744946,1
2762,0.6197399,0.47500193,4.3735843,2
2763,0.37390846,0.3727297,3.5426009,3
2764,0.78088456,0.42950478,5.036733,4
2765,0.68552965,0.36293218,2.4104276,5
2766,0.20107917,0.61531043,3.6478508,6
2767,0.24213064,0.2926231,2.5891485,7
2768,0.78419447,0.7783101,1.976633,8
2769,0.50076514,0.7312598,2.912334,9
2770,0.082047604,0.04787255,3.434006,10
2771,0.4477924,0.23718588,6.0267453,11
2772,0.10973023,0.08145592,4.327205,12
2773,0.3190487,0.2772925,4.114111,13
2774,0.18007423,0.4382942,3.3680928,14
2775,0.21017283,0.014217532,3.8984995,15
2776,0.23396888,0.3266299,5.4543123,16
2777,0.6299334,0.23597147,3.3493361,17
2778,0.1708604,0.1676649,6.5275908,18
2779,0.627939,0.20720752,2.4316926,19
2780,0.08527522,0.07887678,3.8828845,20
2781,0.23196603,0.27375233,4.1075234,21
2782,0.10336133,0.15290822,5.832462,22
2783,0.18761328,0.48032466,1.3221707,23
2784,0.6127307,0.30994734,3.55062,0
2785,0.14341117,0.9974491,1.9035316,1
2786,0.87969226,0.5600625,3.8851457,2
2787,0.30249155,0.32510665,4.0489683,3
2788,0.61329615,0.40673962,4.875533,4
2789,0.47249702,0.77167004,1.6277413,5
2790,0.61485237,0.51840174,2.377743,6
2791,0.2512339,0.22347184,1.9363444,7
2792,0.52695787,0.7242601,1.7970576,8
2793,0.3012055,0.69666195,1.1323397,9
2794,0.20831184,0.00782146,3.9388647,10
2795,0.24441682,0.28114098,4.217235,11
2796,0.029825054,0.12380227,5.206259,12
2797,0.31168848,0.18898594,2.2674713,13
2798,0.16136728,0.14065978,3.1700788,14
2799,0.15213454,0.13965902,4.2068486,15
2800,0.2374671,0.31402382,5.348009,16
2801,0.8301604,0.2614356,3.1283169,17
2802,0.11612775,0.21325134,6.2395277,18
2803,0.6592404,0.21560128,2.2664964,19
2804,0.18469599,0.02496276,5.290615,20
2805,0.35514578,0.18813384,3.0046272,21
2806,0.13497025,0.0944508,5.7956467,22
2807,0.64694107,0.8633038,1.1727109,23
2808,0.7285244,0.5034776,4.641968,0
2809,0.060517866,0.98675936,2.3128293,1
2810,0.6744785,0.64826006,5.0896244,2
2811,0.15858234,0.38115746,3.9647312,3
2812,0.6765064,0.25662988,4.759933,4
2813,0.34712926,0.495771,3.3313465,5
2814,0.61545575,0.8455608,2.3118052,6
2815,0.26701862,0.27382132,3.057473,7
2816,0.75367814,0.70644397,2.1101363,8
2817,0.45805457,0.5445976,2.0430558,9
2818,0.17903318,0.34727648,1.238826,10
2819,0.5196438,0.27280018,4.3263707,11
2820,0.08461489,0.09443541,4.6410103,12
2821,0.39713743,0.13191451,2.9097116,13
2822,0.16294397,0.47898325,3.4555926,14
2823,0.14242485,0.08245565,3.310081,15
2824,0.12749188,0.21925452,5.1233234,16
2825,0.6586099,0.65097415,5.3136415,17
2826,0.16737457,0.25350684,5.424547,18
2827,0.50058657,0.38388792,3.3508599,19
2828,0.11909483,0.21847016,2.5200229,20
2829,0.40609795,0.20125002,3.9264112,21
2830,0.078810304,0.16691792,4.1881976,22
2831,0.27543518,0.86197126,1.2717888,23
2832,0.7242128,0.2001539,3.1889582,0
2833,0.059923284,0.6837166,1.6472899,1
2834,0.7114923,0.63731647,6.050317,2
2835,0.5233556,0.42249537,3.024124,3
2836,0.64565974,0.27818605,4.395768,4
2837,0.6638529,0.64796627,1.9807205,5
2838,0.7104061,0.47018492,2.7905939,6
2839,0.3335724,0.2297949,2.6642566,7
2840,0.77210987,0.3744471,1.3895869,8
2841,0.45425254,0.78071225,2.6227381,9
2842,0.069350034,0.3104033,3.2974503,10
2843,0.38817322,0.18329227,4.7411375,11
2844,0.11267314,0.0647146,3.8966174,12
2845,0.40051267,0.12874377,2.940984,13
2846,0.18922809,0.6287938,3.4502,14
2847,0.18951334,0.10380477,1.8389202,15
2848,0.2072036,0.40487167,4.249788,16
2849,0.7668262,0.2510738,3.966019,17
2850,0.16379994,0.2665295,4.0014896,18
2851,0.71043426,0.5024268,4.9395423,19
2852,0.19985168,0.11249203,3.5665612,20
2853,0.29671457,0.22239439,2.0136056,21
2854,0.11534944,0.16603503,2.7780464,22
2855,0.15783554,0.42245612,1.1153855,23
2856,0.903169,0.352229,3.1065676,0
2857,0.05259917,0.99832314,1.3343916,1
2858,0.6052359,0.6543414,5.443146,2
2859,0.36527693,0.61242723,3.7660692,3
2860,0.84295845,0.2669303,4.8302255,4
2861,0.5006047,0.59306264,2.4879184,5
2862,0.4840899,0.6575247,2.431387,6
2863,0.31167927,0.3477236,3.4500372,7
2864,0.79730356,0.49779078,1.5553092,8
2865,0.35995376,0.7567719,2.6934056,9
2866,0.22681536,0.22880928,3.323816,10
2867,0.45149016,0.29155686,4.4620686,11
2868,0.18469144,0.14885117,5.42738,12
2869,0.39929506,0.15091507,3.0951066,13
2870,0.14840913,0.58823967,3.1578753,14
2871,0.027875567,0.9095572,1.2580297,15
2872,0.22417496,0.37727267,4.5256944,16
2873,0.76607955,0.41229042,3.9979596,17
2874,0.2058001,0.12579466,6.301604,18
2875,0.58770436,0.36203492,2.8995466,19
2876,0.12359618,0.22824465,1.6019483,20
2877,0.5328618,0.17913078,4.3041687,21
2878,0.26445985,0.10513752,3.2965875,22
2879,0.019167705,0.5192965,3.875967,23
2880,0.6849606,0.39863396,4.6975,0
2881,0.06623872,0.9526664,1.2974281,1
2882,0.76704884,0.56718135,4.126008,2
2883,0.3934651,0.295258,2.8423355,3
2884,0.78294843,0.35912967,4.7163,4
2885,0.535539,0.68732566,2.2741096,5
2886,0.6843887,0.2569367,2.0470529,6
2887,0.27761188,0.32931706,2.8688145,7
2888,0.84966826,0.68705297,1.176989,8
2889,0.40210438,0.86046094,3.0720372,9
2890,0.14778443,0.0032160883,2.62177,10
2891,0.26606542,0.3896479,5.0475254,11
2892,0.07598525,0.13763589,4.7598524,12
2893,0.43790692,0.31921557,3.617704,13
2894,0.2839615,0.41986865,2.704781,14
2895,0.17980286,0.029182123,3.8368154,15
2896,0.2968233,0.37586704,7.046713,16
2897,0.54733,0.32719633,3.6502457,17
2898,0.19644704,0.21065286,5.204811,18
2899,0.8400308,0.2963349,2.486837,19
2900,0.08909988,0.36272326,1.6822065,20
2901,0.48585883,0.24405763,3.7972488,21
2902,0.13018602,0.10174964,4.6029396,22
2903,0.3260778,0.4635078,1.3990281,23
2904,0.6253086,0.24132001,3.0325289,0
2905,0.07785706,0.30105183,1.657924,1
2906,0.7004716,0.7712807,5.696745,2
2907,0.61601645,0.36121562,3.115447,3
2908,0.7430837,0.3996404,4.6206894,4
2909,0.48649004,0.63218164,2.0435724,5
2910,0.45320734,0.5423279,3.397663,6
2911,0.1329916,0.25257975,3.3907006,7
2912,0.8107182,0.69626236,1.4783163,8
2913,0.34857443,0.25519705,1.3853021,9
2914,0.07192991,0.06482566,2.4054708,10
2915,0.32729948,0.31267676,3.7652736,11
2916,0.13835576,0.3123501,5.1698503,12
2917,0.23230083,0.25208372,5.01,13
2918,0.16348344,0.4538737,1.7811829,14
2919,0.11878422,0.9267677,1.3438907,15
2920,0.2811919,0.20978044,4.8738136,16
2921,0.62880015,0.51057273,2.9951832,17
2922,0.19711809,0.18189238,6.3891287,18
2923,0.82814115,0.18346575,2.1144624,19
2924,0.2508351,0.07265111,4.738611,20
2925,0.36715874,0.14711292,2.9894505,21
2926,0.1628197,0.15914434,2.2609131,22
2927,0.82825285,0.904618,0.77042377,23
2928,0.5649586,0.48851082,3.392389,0
2929,0.27598497,0.5317368,1.7030108,1
2930,0.73052174,0.29268348,3.3908167,2
2931,0.37094173,0.26229036,2.7516797,3
2932,0.58693326,0.3104619,3.5485196,4
2933,0.603531,0.2962749,1.1086843,5
2934,0.78328454,0.51173395,3.219274,6
2935,0.314344,0.29941717,2.8670142,7
2936,0.91091967,0.64142025,1.3530762,8
2937,0.46864864,0.33122575,2.1126575,9
2938,0.013269472,0.7311718,1.0062162,10
2939,0.3140278,0.29758587,4.389376,11
2940,0.14763525,0.23617457,3.479198,12
2941,0.28463298,0.17865478,3.3939908,13
2942,0.2514462,0.4809781,2.035017,14
2943,0.039584465,0.085011065,2.3863318,15
2944,0.22133791,0.286128,5.6616488,16
2945,0.88019943,0.5132434,4.5699263,17
2946,0.2331243,0.21998318,4.1617246,18
2947,0.66338676,0.43859875,2.857958,19
2948,0.17014049,0.6262121,1.6935456,20
2949,0.38425335,0.30777776,4.4638863,21
2950,0.15926635,0.18438394,3.1317968,22
2951,0.348588,0.90198165,0.83909446,23
2952,0.6961105,0.43505934,3.9896092,0
2953,0.04237495,0.0857666,1.5895479,1
2954,0.4459535,0.66116214,4.507782,2
2955,0.2902021,0.30564824,4.610236,3
2956,0.61597294,0.43419898,6.8259964,4
2957,0.56917155,0.6066783,1.1758732,5
2958,0.23583294,0.72569406,1.8975971,6
2959,0.26840386,0.37079623,2.38128,7
2960,0.40758032,0.5144541,2.0888593,8
2961,0.24639939,0.8161463,4.5034213,9
2962,0.03485324,0.14641942,1.755411,10
2963,0.3385886,0.27529582,3.74649,11
2964,0.110696696,0.08866745,4.013132,12
2965,0.26018974,0.15912907,2.5743487,13
2966,0.11830991,0.43521982,3.4721658,14
2967,0.22134618,0.006401337,4.8859515,15
2968,0.23389548,0.2142203,3.7621312,16
2969,0.7346021,0.34322017,4.0067163,17
2970,0.2294813,0.25420234,5.216756,18
2971,0.68453974,0.3717605,3.1579516,19
2972,0.16557683,0.2697653,2.9517503,20
2973,0.46015665,0.16578926,5.2805977,21
2974,0.19781353,0.14212789,3.955936,22
2975,0.1518802,0.31601456,1.944757,23
2976,0.6410313,0.16866742,2.6764026,0
2977,0.054410655,0.9748116,1.4205457,1
2978,0.7889086,0.50610465,3.2216332,2
2979,0.23996183,0.41558862,2.6559134,3
2980,0.6137726,0.29026705,3.0830226,4
2981,0.5342525,0.20783694,2.9122696,5
2982,0.73620147,0.5234337,3.0409243,6
2983,0.24645226,0.40349165,3.2666497,7
2984,0.78607494,0.695935,3.0637314,8
2985,0.42689165,0.63528806,3.1924665,9
2986,0.090908974,0.22329697,1.1417872,10
2987,0.5244087,0.29277983,5.168866,11
2988,0.09759401,0.17262949,5.562481,12
2989,0.41151562,0.20175803,5.1206093,13
2990,0.10260002,0.53346795,2.3052375,14
2991,0.08596104,0.01735698,3.5061493,15
2992,0.20439954,0.32956135,3.8339372,16
2993,0.6519008,0.41459048,3.664657,17
2994,0.20346123,0.26781383,5.293782,18
2995,0.8189259,0.23552878,2.7730987,19
2996,0.08267199,0.21573019,2.429233,20
2997,0.57519346,0.096210666,3.9958682,21
2998,0.16198248,0.122105375,4.1115665,22
2999,0.15776251,0.4576019,1.730904,23
3000,0.57632494,0.39781022,3.8907182,0
3001,0.3025017,4.7133628e-05,2.3397913,1
3002,0.64958924,0.6673176,3.805134,2
3003,0.2360988,0.30142474,2.9753253,3
3004,0.67347324,0.3791475,5.174923,4
3005,0.6926382,0.59900737,2.8766913,5
3006,0.47486973,0.59755635,3.2789876,6
3007,0.18672876,0.35062045,3.6905093,7
3008,0.65604216,0.5423237,1.7361069,8
3009,0.39266458,0.57146883,1.8085927,9
3010,0.3777189,0.113694765,2.704615,10
3011,0.24516904,0.24750887,5.171118,11
3012,0.15466566,0.12903501,4.566818,12
3013,0.34894696,0.20527755,4.129821,13
3014,0.12097076,0.3313537,3.1306653,14
3015,0.08012809,0.004899839,4.9118495,15
3016,0.18334635,0.30513474,4.609457,16
3017,0.6052137,0.3606001,3.549081,17
3018,0.22165847,0.13336961,5.8957486,18
3019,0.60284966,0.07152708,1.3603967,19
3020,0.08605593,0.07471896,5.2333407,20
3021,0.36810035,0.3581702,2.9116704,21
3022,0.1318876,0.28080842,2.7198532,22
3023,0.11506016,0.5296822,2.0276315,23
3024,0.41161212,0.5513721,3.3191957,0
3025,0.13704076,0.87791634,1.9617305,1
3026,0.47887415,0.7866784,5.5068855,2
3027,0.6185442,0.3959915,5.5011106,3
3028,0.54868084,0.590497,6.5046496,4
3029,0.52847964,0.48539853,1.8251569,5
3030,0.5731258,0.4535797,2.6231356,6
3031,0.37603763,0.4567797,3.7113972,7
3032,0.5238469,0.85158944,0.9728,8
3033,0.40641174,0.54713655,2.3867154,9
3034,0.09105339,0.1455415,2.5233855,10
3035,0.4483964,0.27326524,4.0473003,11
3036,0.3226364,0.09710774,5.2522535,12
3037,0.2686292,0.42846885,3.1543303,13
3038,0.12139451,0.2840733,3.2038946,14
3039,0.1381445,0.8231786,2.133734,15
3040,0.19476037,0.39414385,5.8134995,16
3041,0.55994123,0.334746,4.5240183,17
3042,0.223301,0.1530778,3.8854122,18
3043,0.7785806,0.34177527,2.788932,19
3044,0.047442187,0.44659424,2.0362759,20
3045,0.5360025,0.23792031,5.1369996,21
3046,0.17177907,0.15831657,2.5246236,22
3047,0.5546727,0.6766173,1.4769946,23
3048,0.59653485,0.35104147,2.7633467,0
3049,0.08336149,0.86325973,0.87794125,1
3050,0.66060495,0.73769677,4.2669134,2
3051,0.445669,0.23338138,3.8717887,3
3052,0.8938529,0.20811713,6.0157914,4
3053,0.5353678,0.75560844,2.3535507,5
3054,0.6238068,0.5588181,2.6690726,6
3055,0.27312055,0.28494784,3.5028937,7
3056,0.8242827,0.8020799,2.4824824,8
3057,0.2680332,0.6556736,2.7284064,9
3058,0.080429986,0.19978246,1.0343217,10
3059,0.325119,0.26751852,5.8875175,11
3060,0.0874809,0.062255524,5.3932786,12
3061,0.45602322,0.19100778,3.5498753,13
3062,0.056584198,0.4511025,4.935063,14
3063,0.06517993,0.043337747,2.2735088,15
3064,0.1349953,0.33503515,3.1276715,16
3065,0.6122368,0.35386956,2.9402256,17
3066,0.30713832,0.15417682,6.2996917,18
3067,0.81737167,0.15644333,2.5147786,19
3068,0.07965363,0.17024386,2.278411,20
3069,0.46805045,0.18097581,5.6585455,21
3070,0.13565646,0.2284775,2.2450967,22
3071,0.17899878,0.7346647,1.8848245,23
3072,0.7240918,0.09833318,1.7094502,0
3073,0.17130037,0.23417234,1.419959,1
3074,0.67192346,0.5847835,2.0939188,2
3075,0.5262686,0.3077529,3.4416718,3
3076,0.5472845,0.23435286,4.4291334,4
3077,0.6886783,0.40540788,1.951905,5
3078,0.41147092,0.5059778,3.7914066,6
3079,0.34502572,0.34105235,2.4054415,7
3080,0.7423581,0.5717086,2.5291772,8
3081,0.30848402,0.5180813,1.6138744,9
3082,0.07129499,0.91252947,0.9497973,10
3083,0.26253727,0.25903022,6.6541977,11
3084,0.20318905,0.095558845,3.7720938,12
3085,0.38667604,0.2755913,4.1353755,13
3086,0.108813696,0.32485947,4.233561,14
3087,0.24263678,0.12849867,3.1608663,15
3088,0.23573402,0.2443151,6.5628805,16
3089,0.56802416,0.5233673,4.0282993,17
3090,0.239591,0.087151684,6.7145615,18
3091,0.7314222,0.1627634,3.4224985,19
3092,0.10069179,0.0748392,4.07824,20
3093,0.48028326,0.1280884,5.7419114,21
3094,0.13251442,0.11895648,4.666824,22
3095,0.38267305,0.95575064,0.98802066,23
3096,0.85535204,0.35534006,3.4505556,0
3097,0.09043514,0.114261255,2.127778,1
3098,0.58917177,0.50244176,4.8771896,2
3099,0.59511054,0.3102225,4.2562346,3
3100,0.80730003,0.21027896,4.0339108,4
3101,0.49345624,0.5262888,2.0570176,5
3102,0.71856374,0.57817525,2.1527162,6
3103,0.35415158,0.24497768,3.6002345,7
3104,0.56908685,0.6092008,2.2406597,8
3105,0.34773716,0.3516127,1.7452543,9
3106,0.1746812,0.008057714,5.3812914,10
3107,0.451534,0.2097103,5.580962,11
3108,0.06315429,0.1431927,3.495777,12
3109,0.35165504,0.17759942,2.6485357,13
3110,0.19734667,0.3990767,2.674199,14
3111,0.13538186,0.062094763,5.3826995,15
3112,0.2044821,0.30870625,4.076401,16
3113,0.49753326,0.66004354,3.2417514,17
3114,0.21267305,0.14752647,3.5030506,18
3115,0.72943646,0.26230958,3.5673118,19
3116,0.18299922,0.04733234,4.620912,20
3117,0.5559506,0.08249933,4.385174,21
3118,0.19229421,0.1294223,3.8625348,22
3119,0.10114141,0.42004797,1.6469882,23
3120,0.6532565,0.30402058,3.1855156,0
3121,0.17010538,0.24236254,1.1959214,1
3122,0.6603896,0.54529595,3.531542,2
3123,0.5590667,0.33849475,4.0721283,3
3124,0.63533753,0.27353072,4.6879435,4
3125,0.5180096,0.33708483,2.2896113,5
3126,0.6912197,0.69022983,3.6468601,6
3127,0.30571672,0.2692273,2.8897228,7
3128,0.7900475,0.43534574,1.242557,8
3129,0.39095205,0.34924996,2.2122357,9
3130,0.0732212,0.18050058,2.6565745,10
3131,0.5237666,0.27928346,6.264143,11
3132,0.18173717,0.08976411,3.8974545,12
3133,0.3238546,0.16248886,2.650001,13
3134,0.14999627,0.73877555,4.3302255,14
3135,0.106929146,0.36215356,2.1272552,15
3136,0.14053777,0.28580305,3.0489912,16
3137,0.7540873,0.43195012,3.971198,17
3138,0.20672488,0.23318551,5.6285243,18
3139,0.4168263,0.264759,3.2572272,19
3140,0.061857883,0.40267992,1.2529935,20
3141,0.3975978,0.191321,3.0352936,21
3142,0.10473226,0.15194115,4.7082396,22
3143,0.072248004,0.49442184,1.6534437,23
3144,0.6045793,0.37006304,3.2121253,0
3145,0.09880721,0.11672846,1.0816873,1
3146,0.729397,0.74163413,4.0270166,2
3147,0.27390233,0.2211872,4.809185,3
3148,0.83788735,0.3374945,3.0249724,4
3149,0.51691794,0.5994487,1.9151962,5
3150,0.30963477,0.5105542,2.8786874,6
3151,0.26259544,0.3483168,2.8432512,7
3152,0.79134494,0.5283884,1.6109552,8
3153,0.27115887,0.6605142,1.4491063,9
3154,0.0313267,0.09431457,2.1409276,10
3155,0.4893942,0.205919,3.2346406,11
3156,0.14467636,0.074706204,6.3107567,12
3157,0.32074726,0.18517579,3.7457328,13
3158,0.12104919,0.30319038,1.8840792,14
3159,0.060708266,0.3343602,2.7473502,15
3160,0.27129313,0.30620855,3.991817,16
3161,0.7400993,0.48915592,3.0467618,17
3162,0.12460642,0.08906395,7.754637,18
3163,0.83281827,0.26112044,1.8355967,19
3164,0.18150203,0.09291237,2.8463557,20
3165,0.3978001,0.16248754,2.3305454,21
3166,0.07790134,0.13434505,2.2297072,22
3167,0.21781686,0.73180646,2.0946722,23
3168,0.7463205,0.21312883,3.1657014,0
3169,0.29324982,0.2602181,1.7219074,1
3170,0.8112907,0.6558051,3.0580697,2
3171,0.18809442,0.15686347,3.0862784,3
3172,0.64097404,0.34251323,4.0799103,4
3173,0.53804016,0.49486244,1.0698586,5
3174,0.3965166,0.5000128,2.811841,6
3175,0.21935757,0.38498533,3.2322874,7
3176,0.58083797,0.8300829,2.7095268,8
3177,0.3865758,0.6521154,2.3769925,9
3178,0.20929022,0.20046559,2.043571,10
3179,0.44390807,0.42289314,7.7150416,11
3180,0.17149895,0.098781966,4.281246,12
3181,0.35362706,0.20784591,4.4912777,13
3182,0.0993443,0.3638236,2.756076,14
3183,0.22454327,0.08084062,3.6109734,15
3184,0.28729782,0.3684552,6.932809,16
3185,0.40608028,0.44619998,4.104375,17
3186,0.17285022,0.16025205,5.4274063,18
3187,0.6022181,0.3983712,2.990913,19
3188,0.0810856,0.1907777,2.304325,20
3189,0.25148007,0.38260782,3.8919256,21
3190,0.17080392,0.22147733,2.2538052,22
3191,0.0769628,0.6799024,3.3982773,23
3192,0.6291415,0.4590875,3.7214441,0
3193,0.1344558,0.28289476,1.7432433,1
3194,0.6159044,0.46613064,3.628312,2
3195,0.19069533,0.42053515,4.477933,3
3196,0.51138335,0.29641116,3.00005,4
3197,0.47280955,0.46001717,3.0687208,5
3198,0.48774937,0.32707205,1.8806988,6
3199,0.22463578,0.2322453,3.004758,7
3200,0.85948324,0.6546029,2.3972504,8
3201,0.30721453,0.7756821,2.7505274,9
3202,0.08776009,0.021737892,4.257307,10
3203,0.39789897,0.24727994,4.8144374,11
3204,0.11960904,0.110435426,4.306165,12
3205,0.44207126,0.1419554,4.044953,13
3206,0.27706355,0.31866995,2.4845557,14
3207,0.35070628,0.041038305,4.597875,15
3208,0.20293707,0.25427556,4.7344913,16
3209,0.7614595,0.4766443,5.521095,17
3210,0.22344096,0.12004095,6.2071295,18
3211,0.7053251,0.073197514,3.6483827,19
3212,0.0849699,0.21288894,2.438251,20
3213,0.3677343,0.19682972,4.0641165,21
3214,0.08649814,0.077527575,6.66576,22
3215,0.15089664,0.5800342,2.7894964,23
3216,0.8187233,0.27470076,2.8651693,0
3217,0.15270555,0.034543786,2.0538635,1
3218,0.6802931,0.54966736,4.538894,2
3219,0.2804736,0.4228262,3.5583541,3
3220,0.5752943,0.36931345,5.845042,4
3221,0.4768969,0.81240344,2.5998764,5
3222,0.4718875,0.68545073,2.6507673,6
3223,0.3662348,0.25083163,3.7069087,7
3224,0.7382007,0.7523444,1.5770302,8
3225,0.41490602,0.851399,2.9059937,9
3226,0.103576496,0.98338425,0.27682665,10
3227,0.38614893,0.2199085,3.6205597,11
3228,0.10983545,0.18822524,4.4352646,12
3229,0.23116061,0.17805605,5.216365,13
3230,0.25674254,0.34410182,3.7044275,14
3231,0.24792336,0.09618851,3.5090961,15
3232,0.17357403,0.29560098,4.842396,16
3233,0.711253,0.55130917,3.165917,17
3234,0.22504324,0.07508575,6.621783,18
3235,0.56456476,0.31140846,2.368947,19
3236,0.31661874,0.39360967,2.3653576,20
3237,0.42513028,0.24187614,3.178432,21
3238,0.09512077,0.21460496,2.9406762,22
3239,0.030255316,0.5833319,2.0733287,23
3240,0.34457093,0.2366962,4.1549115,0
3241,0.10186908,0.79158735,1.5114195,1
3242,0.81568956,0.58349526,4.52012,2
3243,0.7243161,0.43814835,1.3526275,3
3244,0.5648953,0.3768266,5.22687,4
3245,0.53326946,0.60193056,3.8802876,5
3246,0.36105818,0.58043855,3.1483343,6
3247,0.25520924,0.39191484,3.1197855,7
3248,0.8351618,0.7614645,2.2889676,8
3249,0.18964171,0.7004415,2.2926292,9
3250,0.14864029,0.038720805,2.647841,10
3251,0.43487328,0.2950629,5.487743,11
3252,0.13236442,0.20921956,4.691593,12
3253,0.40023735,0.21934773,3.7022307,13
3254,0.18437955,0.3822528,1.7589362,14
3255,0.22620785,0.11160156,3.6913204,15
3256,0.12710251,0.39500043,4.3369145,16
3257,0.66446596,0.36121926,3.1630926,17
3258,0.17670432,0.07253858,5.978052,18
3259,0.6266063,0.37922052,3.5943341,19
3260,0.13999858,0.7106873,0.8253309,20
3261,0.5473394,0.22003521,2.5052862,21
3262,0.13923284,0.18962252,2.6139452,22
3263,0.12566866,0.7146379,1.8532252,23
3264,0.6156171,0.27107117,1.8314798,0
3265,0.11472159,0.89379317,1.5209877,1
3266,0.70857406,0.6929522,4.3713636,2
3267,0.6128091,0.30337527,3.606741,3
3268,0.51959324,0.2781392,2.3762975,4
3269,0.50027627,0.61561203,2.2381878,5
3270,0.33120126,0.579143,2.2212996,6
3271,0.24079746,0.4177541,3.4735396,7
3272,0.7930675,0.8571189,1.8637364,8
3273,0.22988619,0.8409468,2.690002,9
3274,0.44047424,0.044591676,2.2919369,10
3275,0.3909526,0.29564765,3.9205332,11
3276,0.05571587,0.17256965,5.6557846,12
3277,0.38131103,0.2884009,3.9046245,13
3278,0.13300419,0.5683973,3.9003234,14
3279,0.15740113,0.06748242,4.898115,15
3280,0.15038596,0.3715334,5.4196672,16
3281,0.58965546,0.45841563,4.300482,17
3282,0.09061372,0.20464064,5.4124794,18
3283,0.6038091,0.19656521,3.238449,19
3284,0.07257423,0.11973995,3.906834,20
3285,0.47540647,0.29663152,4.8829756,21
3286,0.122786865,0.21501108,3.1868722,22
3287,0.60238624,0.9201979,0.56749135,23
3288,0.8137515,0.25925213,2.5158963,0
3289,0.14734188,0.9709736,1.248776,1
3290,0.7020804,0.6822618,4.8362536,2
3291,0.31558752,0.36418912,4.895806,3
3292,0.52860457,0.2879142,4.2355304,4
3293,0.7114467,0.61532044,2.2442713,5
3294,0.4833438,0.56331533,2.4758174,6
3295,0.2951851,0.29018697,4.0129576,7
3296,0.84531134,0.7168742,2.0007806,8
3297,0.3242707,0.42915273,2.6854796,9
3298,0.10925295,0.4367982,2.8238976,10
3299,0.28990242,0.2533697,4.140105,11
3300,0.08032895,0.16927503,4.681747,12
3301,0.4338441,0.19203487,2.1977675,13
3302,0.2545972,0.46906835,1.9992006,14
3303,0.23339535,0.010430045,4.866944,15
3304,0.14942303,0.32355,5.573113,16
3305,0.43585178,0.49838904,3.4934711,17
3306,0.25483766,0.12199474,6.763661,18
3307,0.84597886,0.19418043,3.351325,19
3308,0.097127266,0.18395966,3.5960221,20
3309,0.42600977,0.16234319,3.7437353,21
3310,0.15048791,0.2008094,3.054788,22
3311,0.10297816,0.713205,1.4190016,23
3312,0.51647407,0.45731044,4.006207,0
3313,0.10027157,0.050809108,1.0747927,1
3314,0.6069412,0.5715065,4.4420667,2
3315,0.27686965,0.35980448,5.3923416,3
3316,0.5828448,0.3480976,5.3379726,4
3317,0.35494077,0.47961608,1.799426,5
3318,0.60383636,0.7594395,3.2042325,6
3319,0.24620208,0.2810281,1.9623435,7
3320,0.83127105,0.6823924,1.2085233,8
3321,0.372883,0.63772136,2.1218154,9
3322,0.13686264,0.49395606,2.4749475,10
3323,0.13620557,0.37184793,3.106079,11
3324,0.25771505,0.1908064,6.3374796,12
3325,0.40054518,0.29759446,4.5333104,13
3326,0.12808256,0.1995349,3.0599532,14
3327,0.3478335,0.10667909,4.4027185,15
3328,0.232138,0.32495385,3.672247,16
3329,0.78286636,0.27530232,3.5218966,17
3330,0.1655675,0.19142376,5.016723,18
3331,0.7095017,0.560134,5.064034,19
3332,0.19585694,0.06221142,3.0495043,20
3333,0.3565852,0.19469053,4.8809714,21
3334,0.16409922,0.09028601,5.669122,22
3335,0.14360936,0.64196277,2.2853134,23
3336,0.71273,0.5270971,4.097367,0
3337,0.103989236,0.9839054,1.8987532,1
3338,0.4447423,0.78918624,4.6116285,2
3339,0.31984138,0.4223983,3.5038433,3
3340,0.68188924,0.44191542,6.3677697,4
3341,0.46692738,0.58474165,2.5123932,5
3342,0.4638632,0.6893201,2.7846053,6
3343,0.16501161,0.16899438,2.4827118,7
3344,0.38887483,0.51844966,1.8524201,8
3345,0.23410417,0.61037683,2.172273,9
3346,0.10726217,0.043441813,2.1959436,10
3347,0.5327817,0.1782823,3.5501313,11
3348,0.19492827,0.24863522,4.954899,12
3349,0.21947372,0.21910691,4.303652,13
3350,0.1672597,0.21343088,1.973226,14
3351,0.1122408,0.16434623,2.5705457,15
3352,0.15059489,0.28725034,4.3188186,16
3353,0.87487805,0.30760673,3.9491918,17
3354,0.088700175,0.23955263,5.487945,18
3355,0.7160386,0.26621887,2.6788557,19
3356,0.1256857,0.21848918,2.945053,20
3357,0.38301235,0.13066624,3.9418743,21
3358,0.09400392,0.1381724,5.4645767,22
3359,0.35289067,0.7956968,1.0537295,23
3360,0.6499065,0.42616594,3.413191,0
3361,0.10525598,0.7346241,1.4623802,1
3362,0.7111213,0.71292084,6.6955137,2
3363,0.4449708,0.18543616,1.6927696,3
3364,0.6794623,0.52127165,4.270008,4
3365,0.4109082,0.84231246,3.4151316,5
3366,0.34515816,0.6839893,2.9376106,6
3367,0.19465503,0.29721358,2.5708966,7
3368,0.8907989,0.8434677,1.5931551,8
3369,0.35201156,0.69613725,2.884386,9
3370,0.20157681,0.029903226,1.9671704,10
3371,0.5048294,0.23523395,5.445014,11
3372,0.18230926,0.096937075,4.5106378,12
3373,0.58847874,0.20073119,2.725682,13
3374,0.1471628,0.29564032,3.7894664,14
3375,0.25628346,0.42394543,1.8168335,15
3376,0.22676566,0.25700554,4.6550283,16
3377,0.86630535,0.5666491,4.13297,17
3378,0.21423483,0.20347232,4.8979383,18
3379,0.67831796,0.22947459,4.1109304,19
3380,0.14262357,0.2493125,2.4596426,20
3381,0.526207,0.09649257,3.5381541,21
3382,0.20771737,0.11306298,4.1174216,22
3383,0.14749514,0.34752348,1.9210086,23
3384,0.49038613,0.51473254,4.0791416,0
3385,0.16988795,0.6177272,1.8048108,1
3386,0.61780727,0.50664353,3.1066992,2
3387,0.40027583,0.32205176,3.5389433,3
3388,0.5417197,0.31297612,4.045924,4
3389,0.37070686,0.61128294,1.8297057,5
3390,0.71309894,0.4054471,2.0820494,6
3391,0.4453549,0.33848563,2.6093931,7
3392,0.6913734,0.637262,1.8105435,8
3393,0.2433802,0.6617665,1.4388114,9
3394,0.07808975,0.07715443,3.622959,10
3395,0.31452724,0.25934935,6.007121,11
3396,0.08461024,0.27364123,3.3457887,12
3397,0.42270356,0.19777557,3.6226487,13
3398,0.22720145,0.20199648,2.15258,14
3399,0.061130524,0.020012012,3.967852,15
3400,0.19406334,0.26811785,4.6557884,16
3401,0.90178955,0.39047801,3.4256055,17
3402,0.19628914,0.246676,3.9826813,18
3403,0.47148874,0.3705455,3.5049577,19
3404,0.14936244,0.021884665,5.9155726,20
3405,0.27928677,0.33796132,3.0487835,21
3406,0.13816574,0.13120496,4.7503815,22
3407,0.04526123,0.21586214,2.8928952,23
3408,0.76172525,0.31950584,4.499335,0
3409,0.31657282,0.106923044,2.0555582,1
3410,0.6468456,0.589205,4.254894,2
3411,0.15358877,0.30046868,3.338851,3
3412,0.7286611,0.31267184,5.666356,4
3413,0.57708174,0.39672136,1.064,5
3414,0.551178,0.5798181,2.9562972,6
3415,0.14094777,0.3983723,3.0001116,7
3416,0.715053,0.5594236,1.3069953,8
3417,0.33935988,0.40187967,2.1229568,9
3418,0.21204591,0.18561395,3.4041724,10
3419,0.19205505,0.24739587,3.9255831,11
3420,0.028094994,0.23801966,6.281491,12
3421,0.30469692,0.28160676,4.5769978,13
3422,0.16113251,0.5369111,3.496985,14
3423,0.400916,0.036622044,5.754672,15
3424,0.20842086,0.2864979,5.220626,16
3425,0.8780136,0.34931237,3.6931553,17
3426,0.2007597,0.17502719,4.7571616,18
3427,0.3660747,0.21560882,2.2629962,19
3428,0.12703763,0.03913,5.3741913,20
3429,0.39780518,0.19397855,3.6302729,21
3430,0.07048433,0.14649938,3.3958406,22
3431,0.3633741,0.76327676,1.9390595,23
3432,0.73428404,0.14469808,1.9156158,0
3433,0.18384469,0.46727362,1.1809511,1
3434,0.780689,0.61597216,4.2177854,2
3435,0.42332435,0.32068452,2.504074,3
3436,0.3877547,0.34284338,5.5018826,4
3437,0.6230262,0.7046451,3.002641,5
3438,0.13397482,0.6721439,2.6475527,6
3439,0.27545494,0.2996567,3.7525225,7
3440,0.6459486,0.8366652,2.0924075,8
3441,0.3894722,0.656541,3.0239615,9
3442,0.18101785,0.005779671,4.616028,10
3443,0.5356737,0.29775634,5.9448314,11
3444,0.069906384,0.15018241,5.5777845,12
3445,0.27196333,0.32201076,4.2821717,13
3446,0.17196259,0.55673397,3.5716424,14
3447,0.22442104,0.9884393,0.74405724,15
3448,0.17362961,0.4041492,5.634656,16
3449,0.64053464,0.47815174,4.024626,17
3450,0.3449507,0.1276792,5.698047,18
3451,0.6835259,0.27258322,1.801897,19
3452,0.19689722,0.07664472,3.1470678,20
3453,0.5630792,0.12113271,3.480108,21
3454,0.20784728,0.16236383,3.8119009,22
3455,0.16684331,0.8664136,1.2115152,23
3456,0.6839376,0.19506586,3.2023098,0
3457,0.19505537,0.03719417,3.13722,1
3458,0.63630736,0.59405583,4.7536173,2
3459,0.27771503,0.446469,4.786408,3
3460,0.4604099,0.35693488,3.8689766,4
3461,0.63979137,0.7267667,1.7688507,5
3462,0.44943327,0.67654765,2.1929858,6
3463,0.33781922,0.31756893,1.9549589,7
3464,0.8734409,0.5306936,0.90776175,8
3465,0.42938763,0.6978076,2.4716716,9
3466,0.20185725,0.054890484,2.8996851,10
3467,0.40155247,0.2362243,4.7653966,11
3468,0.17915711,0.17536713,4.1596274,12
3469,0.2734966,0.22988318,4.176797,13
3470,0.12724672,0.3937986,2.4770818,14
3471,0.060907755,0.07781547,2.4561791,15
3472,0.2191555,0.3497374,5.694761,16
3473,0.48224413,0.3631662,3.3047342,17
3474,0.28400376,0.18162471,4.8843727,18
3475,0.4532504,0.22632603,2.3586483,19
3476,0.0952741,0.29411134,2.7032843,20
3477,0.27195153,0.15819113,3.251678,21
3478,0.11056648,0.15776742,4.319126,22
3479,0.36667982,0.87514466,0.94091743,23
3480,0.35478216,0.47900978,4.204151,0
3481,0.0939157,0.36978453,2.0271528,1
3482,0.5479532,0.6628285,2.7385826,2
3483,0.33364472,0.15739991,3.1824703,3
3484,0.7046304,0.27590054,4.881681,4
3485,0.70640785,0.40272853,1.9122999,5
3486,0.38418594,0.5212006,2.4157705,6
3487,0.22968322,0.35877895,2.7370632,7
3488,0.84056866,0.81091064,0.94627035,8
3489,0.23616636,0.55245227,1.3961385,9
3490,0.6651813,0.34475806,0.8883446,10
3491,0.4028436,0.20739274,7.24808,11
3492,0.071682274,0.17886035,5.7048826,12
3493,0.35037944,0.2559573,3.642762,13
3494,0.20016845,0.43246847,3.8163474,14
3495,0.08699997,0.9001731,0.5789631,15
3496,0.21649894,0.21795844,4.3432975,16
3497,0.8465551,0.47189826,3.3072047,17
3498,0.19677107,0.11571285,4.984392,18
3499,0.7593662,0.16726303,2.7162812,19
3500,0.0878404,0.04265265,3.5459092,20
3501,0.43210095,0.2020334,4.4014993,21
3502,0.083277926,0.12708601,6.0059304,22
3503,0.47829837,0.9519519,1.6543236,23
3504,0.6600784,0.37973112,3.1181412,0
3505,0.06805052,0.95850766,2.6059499,1
3506,0.84714186,0.60067177,4.580518,2
3507,0.52201897,0.27722496,5.4500937,3
3508,0.72863185,0.24117215,4.0403895,4
3509,0.58173996,0.59768283,2.160874,5
3510,0.5442117,0.38718414,3.758594,6
3511,0.17954968,0.40834707,3.0391583,7
3512,0.7078871,0.7425697,1.4136608,8
3513,0.33398512,0.50924146,1.6466855,9
3514,0.046222646,0.5832806,1.4611878,10
3515,0.4029482,0.40524352,7.1008844,11
3516,0.096412495,0.21361199,3.9546034,12
3517,0.27539393,0.19021285,4.7564163,13
3518,0.12183646,0.23714481,4.15654,14
3519,0.08080004,0.9705558,0.8363301,15
3520,0.20576684,0.2479912,5.744561,16
3521,0.6863116,0.4098254,4.015608,17
3522,0.19584857,0.2513683,4.2722473,18
3523,0.6134713,0.20681018,2.8604796,19
3524,0.13892299,0.2638283,3.3051157,20
3525,0.4802685,0.2643003,3.4349947,21
3526,0.187001,0.19183283,3.787997,22
3527,0.06845967,0.67805177,2.603977,23
3528,0.8360659,0.6910034,4.1125517,0
3529,0.11009022,0.19745882,1.5518737,1
3530,0.7523722,0.6512478,6.007163,2
3531,0.42364138,0.38413894,4.480464,3
3532,0.7112693,0.26244864,4.507809,4
3533,0.6845473,0.6050069,2.305788,5
3534,0.65578616,0.77791184,4.057111,6
3535,0.26988012,0.36411974,3.5252972,7
3536,0.6925974,0.47076982,1.8072672,8
3537,0.2733466,0.5190976,1.6033945,9
3538,0.38649863,0.053704266,2.3056393,10
3539,0.4776932,0.2292489,4.8736453,11
3540,0.13313547,0.15043278,4.6262484,12
3541,0.3303771,0.2629658,3.0791118,13
3542,0.1994321,0.70669556,2.8925858,14
3543,0.22504847,0.030842448,4.6756697,15
3544,0.18593258,0.23242871,4.550715,16
3545,0.5764244,0.45138794,4.012107,17
3546,0.12708458,0.1619952,6.7492094,18
3547,0.43195075,0.55107665,4.0507236,19
3548,0.11604081,0.3185744,1.477612,20
3549,0.338293,0.241666,5.0040646,21
3550,0.16209017,0.3021235,1.8100607,22
3551,0.10904871,0.7660536,1.5601351,23
3552,0.69315916,0.28493425,2.43557,0
3553,0.10972552,0.12380107,1.4654653,1
3554,0.7714783,0.72798365,2.7636466,2
3555,0.40869904,0.3655009,3.4814138,3
3556,0.6368653,0.38633126,5.9955497,4
3557,0.56475663,0.35854474,2.2625244,5
3558,0.34788543,0.6336368,1.7918569,6
3559,0.31114644,0.3976423,2.1991692,7
3560,0.88344973,0.82275575,1.1641747,8
3561,0.40691334,0.28738913,1.773917,9
3562,0.04113971,0.18109609,2.250197,10
3563,0.3785596,0.22138053,5.3648257,11
3564,0.10681516,0.12512524,3.9365232,12
3565,0.37090805,0.24254206,3.4274683,13
3566,0.084196724,0.4318191,4.338603,14
3567,0.05029593,0.6122971,1.5720229,15
3568,0.23245507,0.27449033,4.40402,16
3569,0.7539201,0.28035852,2.8545818,17
3570,0.16391844,0.22621752,4.7762947,18
3571,0.6020979,0.24690862,2.900185,19
3572,0.082918316,0.18614526,2.102106,20
3573,0.46793175,0.13621384,5.9234133,21
3574,0.14573193,0.11029044,4.2841597,22
3575,0.13501665,0.6752011,1.3393866,23
3576,0.65827614,0.21705733,3.1030264,0
3577,0.16919506,0.015623771,1.840199,1
3578,0.70619416,0.58896774,3.1717756,2
3579,0.45804036,0.45541868,2.1247659,3
3580,0.6447088,0.4352883,6.1216683,4
3581,0.5383003,0.27833152,2.7258039,5
3582,0.5480572,0.54292524,3.0353794,6
3583,0.16433565,0.379097,4.150136,7
3584,0.86826557,0.5739264,2.3562188,8
3585,0.42873183,0.55181867,1.4259412,9
3586,0.13741326,0.28475377,1.9585631,10
3587,0.31503847,0.22709584,4.299803,11
3588,0.06509133,0.122966334,3.9540138,12
3589,0.33580473,0.2604488,3.4657037,13
3590,0.14031933,0.30599737,4.1280107,14
3591,0.18503499,0.028929897,5.1409893,15
3592,0.21529496,0.27667314,5.597741,16
3593,0.94745237,0.5582787,3.6197705,17
3594,0.21749344,0.1951817,4.6702814,18
3595,0.7570028,0.36378512,4.4130807,19
3596,0.28820598,0.30833954,2.5830626,20
3597,0.36156029,0.15292105,2.8844423,21
3598,0.10186151,0.17704374,3.547003,22
3599,0.09607469,0.7257514,2.4820771,23
3600,0.7647599,0.3665883,2.5608535,0
3601,0.11495658,0.08651133,1.9574447,1
3602,0.68150276,0.6556647,4.5323334,2
3603,0.50836855,0.3355835,3.9047074,3
3604,0.75145036,0.4070842,3.9490201,4
3605,0.5867946,0.6835011,2.23666,5
3606,0.4815493,0.471917,1.566963,6
3607,0.33116513,0.21874924,3.8413472,7
3608,0.7090209,0.7351439,1.2932007,8
3609,0.2749525,0.674506,3.633844,9
3610,0.035486363,0.8579584,1.263373,10
3611,0.46149158,0.26972368,6.2202425,11
3612,0.23030174,0.22353765,4.277492,12
3613,0.30680385,0.09757291,2.966679,13
3614,0.069567434,0.5448539,1.886375,14
3615,0.2952035,0.6442538,2.048996,15
3616,0.26685444,0.34453934,4.989224,16
3617,0.80935854,0.41326964,3.6903155,17
3618,0.21231207,0.17041418,5.1982923,18
3619,0.6928775,0.18451853,3.5416696,19
3620,0.116447635,0.29474214,1.9521527,20
3621,0.42482495,0.18952647,3.9084756,21
3622,0.24406879,0.13477124,1.7398013,22
3623,0.096653886,0.39249617,2.5819693,23
3624,0.8224366,0.3103612,3.3337803,0
3625,0.11962854,0.00038574886,1.2901396,1
3626,0.72088873,0.7129868,3.130751,2
3627,0.5744833,0.29609063,2.7273216,3
3628,0.52916276,0.32740164,5.7106833,4
3629,0.4893316,0.3522952,3.1791995,5
3630,0.447431,0.5345992,2.6527252,6
3631,0.28717348,0.3758349,2.108873,7
3632,0.7912185,0.79455477,1.2454783,8
3633,0.32300428,0.7142541,2.1049328,9
3634,0.081385076,0.08785354,1.6631751,10
3635,0.37727973,0.293041,3.3431313,11
3636,0.11196228,0.16186894,4.5439286,12
3637,0.25224605,0.17376937,3.886517,13
3638,0.15371206,0.33812422,3.6975513,14
3639,0.13446255,0.97216123,1.0582922,15
3640,0.21787873,0.34028274,6.0803547,16
3641,0.5141752,0.30448368,4.8836555,17
3642,0.14117189,0.30523655,4.704668,18
3643,0.34632504,0.31121615,2.9833217,19
3644,0.09872307,0.20419809,1.1357646,20
3645,0.46476755,0.2104047,3.5597363,21
3646,0.07263835,0.088427894,6.901551,22
3647,0.1455879,0.7054346,1.1067669,23
3648,0.6617852,0.31165364,2.2552702,0
3649,0.053997107,0.098226085,2.6737213,1
3650,0.7441189,0.64080226,3.7353358,2
3651,0.18473516,0.3388582,2.96824,3
3652,0.70280945,0.27995223,2.7482152,4
3653,0.6600423,0.5607718,2.5297728,5
3654,0.30123425,0.64251864,1.5858476,6
3655,0.12740101,0.32802016,3.3077266,7
3656,0.7617364,0.9303687,2.4831967,8
3657,0.31000814,0.7664195,1.8267763,9
3658,0.07385177,0.01732716,2.7675846,10
3659,0.32510707,0.22811778,6.4918184,11
3660,0.112336434,0.116308965,5.440444,12
3661,0.32446837,0.25055835,4.003826,13
3662,0.14367948,0.34114233,2.7202008,14
3663,0.025733026,0.8953364,0.82869714,15
3664,0.20511408,0.1801085,3.790414,16
3665,0.8399729,0.67474604,3.379045,17
3666,0.15352546,0.15181765,5.0687246,18
3667,0.60205424,0.45370388,3.2662578,19
3668,0.08539451,0.03188334,4.750725,20
3669,0.5506468,0.16658919,3.2237813,21
3670,0.20155203,0.15039937,4.3012805,22
3671,0.17327774,0.8348058,2.2996097,23
3672,0.66478944,0.4482809,4.251899,0
3673,0.061769526,0.6662159,1.6652209,1
3674,0.887081,0.5841422,3.732798,2
3675,0.4866071,0.46957216,3.9878461,3
3676,0.8674409,0.33919987,5.5323386,4
3677,0.58990645,0.6795394,1.6383357,5
3678,0.7771236,0.616822,2.0217266,6
3679,0.21287629,0.3061201,4.195684,7
3680,0.8812373,0.47440308,0.8183645,8
3681,0.33057702,0.7276353,2.532104,9
3682,0.15599215,0.011877747,2.8121808,10
3683,0.4325746,0.3342041,4.62869,11
3684,0.08771967,0.14988272,5.5163426,12
3685,0.3568493,0.15571602,3.7425873,13
3686,0.15854037,0.51960653,2.5535297,14
3687,0.26757884,0.26977545,2.577969,15
3688,0.18575315,0.36137146,5.8195543,16
3689,0.7526738,0.5434105,3.5317266,17
3690,0.17625807,0.07944041,7.3152785,18
3691,0.821606,0.34111258,3.070129,19
3692,0.14373037,0.19980486,2.132753,20
3693,0.3860151,0.1836839,2.9378777,21
3694,0.1696963,0.25639588,1.8172324,22
3695,0.014886337,0.56724507,3.0807092,23
3696,0.6807842,0.3895564,4.9638696,0
3697,0.09533737,0.38890448,1.855948,1
3698,0.6415667,0.53693223,5.011858,2
3699,0.27407148,0.32877767,3.9360614,3
3700,0.5339816,0.31622437,4.8645406,4
3701,0.66495866,0.7578345,2.9684515,5
3702,0.77502346,0.4051176,1.4313709,6
3703,0.15262704,0.19271421,2.5566566,7
3704,0.670644,0.36479476,0.93850166,8
3705,0.17603713,0.6847978,0.9803289,9
3706,0.3051001,0.41095802,1.1733497,10
3707,0.55024,0.1916945,5.906141,11
3708,0.15841709,0.20545498,6.005431,12
3709,0.32942173,0.26841342,3.2651722,13
3710,0.16322778,0.50086564,3.8398108,14
3711,0.17104222,0.12997486,1.5143244,15
3712,0.26364395,0.31454557,5.477379,16
3713,0.6186751,0.44040513,5.1637278,17
3714,0.20595635,0.300008,4.9187045,18
3715,0.8278075,0.19214875,2.4760454,19
3716,0.18852916,0.34717375,1.6043999,20
3717,0.34016904,0.14528108,4.469004,21
3718,0.10861367,0.111048155,5.074456,22
3719,0.09028589,0.81471264,1.9289683,23
3720,0.8507804,0.4159613,3.9184527,0
3721,0.18446779,0.9951592,2.5758102,1
3722,0.6147223,0.7968419,3.284883,2
3723,0.5332065,0.26774386,2.0334888,3
3724,0.616103,0.20020454,3.134763,4
3725,0.5481482,0.53836524,1.9916476,5
3726,0.32259047,0.37957132,2.0784125,6
3727,0.2701871,0.39168075,4.687404,7
3728,0.8824236,0.75075215,1.0813496,8
3729,0.25886607,0.73827523,2.2735288,9
3730,0.09430209,0.21455313,3.2513545,10
3731,0.42196214,0.24041091,4.160829,11
3732,0.09628145,0.18605691,4.464737,12
3733,0.29790425,0.24086031,4.053084,13
3734,0.24973866,0.6157849,3.8253405,14
3735,0.12959169,0.01152282,5.7562995,15
3736,0.21353848,0.2834716,3.8378618,16
3737,0.8578894,0.68036485,2.9524617,17
3738,0.19969128,0.052108485,7.223213,18
3739,0.8776271,0.14783655,3.134526,19
3740,0.15259656,0.07612855,3.46115,20
3741,0.38823494,0.25206032,4.532685,21
3742,0.11417755,0.19441299,4.488642,22
3743,0.58189416,0.8208245,1.0913516,23
3744,0.66574895,0.523991,2.7424273,0
3745,0.14239943,0.71543336,1.8630534,1
3746,0.65374166,0.5640666,4.7850003,2
3747,0.41949278,0.2594339,3.2004018,3
3748,0.6842931,0.36402482,5.9215364,4
3749,0.5369441,0.5641697,1.2898881,5
3750,0.5342985,0.39432636,1.9056827,6
3751,0.32876793,0.28270686,2.4451542,7
3752,0.83247805,0.84018123,2.328306,8
3753,0.3473859,0.5585594,1.4780532,9
3754,0.059853364,0.089718945,3.0512052,10
3755,0.25116017,0.17674941,6.196313,11
3756,0.16176113,0.09387457,5.3969984,12
3757,0.33051947,0.27631772,4.058383,13
3758,0.21349148,0.49579233,3.7310135,14
3759,0.079463534,0.037188858,3.4345942,15
3760,0.14343037,0.24237196,4.5002236,16
3761,0.810693,0.305125,3.8746982,17
3762,0.19577274,0.16070315,5.3084636,18
3763,0.8110968,0.46319234,2.5353918,19
3764,0.16286826,0.32386622,2.162992,20
3765,0.40267602,0.16924956,4.6855187,21
3766,0.16557091,0.10266878,4.6674914,22
3767,0.020850273,0.41322076,2.8936253,23
3768,0.7516353,0.41612288,3.0565917,0
3769,0.06180066,0.33152595,1.9776613,1
3770,0.85682553,0.7250025,6.5796824,2
3771,0.34903023,0.3678185,4.3644857,3
3772,0.51520514,0.3610463,3.753903,4
3773,0.7240379,0.6949157,2.5247126,5
3774,0.45109364,0.4734975,2.6998858,6
3775,0.19353649,0.48774838,5.085619,7
3776,0.6284274,0.22772753,1.7070793,8
3777,0.44896138,0.6711508,1.5575914,9
3778,0.5137502,0.51383835,1.1115544,10
3779,0.53049743,0.22399493,6.1311235,11
3780,0.060627323,0.1935317,5.1049905,12
3781,0.2236591,0.27366346,3.2401738,13
3782,0.19726741,0.23134264,1.8977201,14
3783,0.1298696,0.34186655,3.6738036,15
3784,0.14300132,0.3286419,3.4571507,16
3785,0.7597906,0.46225592,3.36982,17
3786,0.22590378,0.16095579,4.8100386,18
3787,0.4473515,0.4465349,3.2549176,19
3788,0.14965779,0.19720097,2.993343,20
3789,0.23305169,0.18435565,2.8518891,21
3790,0.076815106,0.10220329,3.4662142,22
3791,0.013675064,0.09672961,2.789124,23
3792,0.8010979,0.39459834,3.8826895,0
3793,0.071384266,0.2185407,2.1593294,1
3794,0.6244459,0.7637148,3.9172435,2
3795,0.21303739,0.25077525,2.066092,3
3796,0.47910875,0.2806485,5.2023654,4
3797,0.5724256,0.29018933,2.0427237,5
3798,0.4255958,0.4988384,2.2308903,6
3799,0.3540708,0.36505356,3.9392285,7
3800,0.818067,0.9080525,2.0015504,8
3801,0.21274824,0.5259471,1.3341479,9
3802,0.2648734,0.26723215,2.985754,10
3803,0.38753948,0.29700497,4.3149457,11
3804,0.1114816,0.12720539,5.0284104,12
3805,0.24908736,0.20067279,3.1020584,13
3806,0.1596349,0.6082803,2.1057348,14
3807,0.24525282,0.0075251367,4.034665,15
3808,0.2764059,0.3540138,6.2455277,16
3809,0.67582613,0.51491404,5.615549,17
3810,0.17538233,0.20157745,6.635656,18
3811,0.7595991,0.10021877,1.9992125,19
3812,0.26133788,0.15573448,3.2256355,20
3813,0.34762406,0.18154332,2.0719976,21
3814,0.14410841,0.31024277,2.6692727,22
3815,0.4636507,0.76941735,1.2613095,23
3816,0.4854341,0.35523796,3.8277924,0
3817,0.22903548,0.12879594,2.182677,1
3818,0.8097264,0.3691417,4.2885513,2
3819,0.43634105,0.35099953,3.114489,3
3820,0.7772826,0.4037248,3.8024383,4
3821,0.50319535,0.81615025,2.218948,5
3822,0.40332863,0.51613426,1.9384258,6
3823,0.122474164,0.21893984,3.4207516,7
3824,0.8624572,0.7360587,2.072257,8
3825,0.39113185,0.4831917,2.4750748,9
3826,0.057986684,0.04800878,3.5781865,10
3827,0.51665807,0.2693079,5.854413,11
3828,0.13626918,0.14724153,3.5202246,12
3829,0.35813552,0.31908178,4.874614,13
3830,0.17217836,0.28419363,3.1254368,14
3831,0.07842521,0.30654195,2.6214657,15
3832,0.2963046,0.3408832,6.3632827,16
3833,0.74395716,0.5201435,3.4521852,17
3834,0.13102122,0.20189616,5.9433613,18
3835,0.7214833,0.09559662,2.9441137,19
3836,0.18164545,0.040752545,4.775126,20
3837,0.56555146,0.22593795,2.7530468,21
3838,0.12383654,0.19106895,4.086674,22
3839,0.66243637,0.60300237,0.5972111,23
3840,0.8449574,0.24758527,3.7771497,0
3841,0.14782314,0.5382748,1.6046095,1
3842,0.7461717,0.7360077,5.5906606,2
3843,0.5457376,0.28855494,2.007078,3
3844,0.59958816,0.2753812,3.9393284,4
3845,0.49023288,0.5449421,2.618186,5
3846,0.70433813,0.5382573,3.8155391,6
3847,0.34730634,0.19968002,3.5186949,7
3848,0.8744431,0.6897168,1.7749255,8
3849,0.20722412,0.81521595,2.3609116,9
3850,0.11037681,0.7625381,0.845404,10
3851,0.5075516,0.25511822,5.945768,11
3852,0.07541711,0.21801832,6.048033,12
3853,0.39000565,0.21453767,4.8106174,13
3854,0.102441765,0.43410075,4.188565,14
3855,0.09799997,0.3540346,2.4351158,15
3856,0.16415815,0.24177277,4.3361597,16
3857,0.58197576,0.43804985,4.0765166,17
3858,0.27096432,0.14071798,5.9510236,18
3859,0.71122026,0.1336992,3.7056189,19
3860,0.13807386,0.15026784,2.908873,20
3861,0.6226896,0.100404106,4.151248,21
3862,0.17324363,0.3062239,3.6656907,22
3863,0.1307165,0.60472023,1.3697245,23
3864,0.72047037,0.41541088,3.8822029,0
3865,0.19150461,0.9322007,1.0953915,1
3866,0.81722367,0.70012635,4.3286695,2
3867,0.4106635,0.40696183,3.5818033,3
3868,0.4836749,0.35953778,4.5547643,4
3869,0.5787354,0.55164677,1.6043795,5
3870,0.4069977,0.52081174,2.573496,6
3871,0.2792731,0.17833751,2.2397928,7
3872,0.7775921,0.5188974,1.8799788,8
3873,0.31758896,0.62269914,3.9352393,9
3874,0.17393623,0.316639,1.7104082,10
3875,0.37794477,0.20437266,5.661701,11
3876,0.16533726,0.14549536,5.9718466,12
3877,0.3166725,0.19592255,2.9159906,13
3878,0.17196497,0.29705518,3.5260823,14
3879,0.11501751,0.02302084,5.1372757,15
3880,0.1904078,0.35281885,5.51646,16
3881,0.46319756,0.5833307,4.5134397,17
3882,0.1823277,0.23455651,5.3147125,18
3883,0.7153863,0.25041017,4.088634,19
3884,0.15738708,0.6413719,0.94077736,20
3885,0.27464062,0.21474777,4.3707175,21
3886,0.19201915,0.37260965,1.3837749,22
3887,0.08980489,0.29358545,3.248925,23
3888,0.6022538,0.46765843,3.7632055,0
3889,0.08137341,0.029992457,1.2058971,1
3890,0.7509304,0.8263342,3.3512866,2
3891,0.28204194,0.21636936,2.3641672,3
3892,0.8927287,0.24222231,4.331311,4
3893,0.40384462,0.4967718,1.5737413,5
3894,0.649365,0.6831397,3.7563963,6
3895,0.49323276,0.29411855,2.6728945,7
3896,0.8168282,0.7283567,1.301297,8
3897,0.16099901,0.8466505,3.2124069,9
3898,0.051760823,0.6413337,1.9432126,10
3899,0.40158966,0.32606506,5.664631,11
3900,0.15273473,0.2560269,6.065569,12
3901,0.45830813,0.33648768,3.8989558,13
3902,0.2429712,0.30795908,3.434239,14
3903,0.076201156,0.14047368,2.8623095,15
3904,0.1620075,0.3922431,6.2973123,16
3905,0.8805377,0.48415825,5.1190734,17
3906,0.18591647,0.059918478,7.1880794,18
3907,0.68903524,0.27167585,3.0044575,19
3908,0.11417924,0.7006654,1.26377,20
3909,0.40852782,0.18428533,4.8085866,21
3910,0.11302401,0.14903517,5.107663,22
3911,0.031126276,0.3781317,3.2630875,23
3912,0.71321017,0.35621724,4.599668,0
3913,0.2751055,0.97976184,1.7704461,1
3914,0.7716017,0.49364105,3.6175065,2
3915,0.39892304,0.35284334,2.8335633,3
3916,0.56541705,0.3459687,4.4085627,4
3917,0.37651473,0.3944199,1.6270814,5
3918,0.35083225,0.5649048,3.820475,6
3919,0.22675389,0.37326983,2.147711,7
3920,0.7793343,0.52961975,0.8761332,8
3921,0.44985408,0.79613787,3.5072465,9
3922,0.05905876,0.1110854,2.4630775,10
3923,0.41380945,0.2906038,6.9555864,11
3924,0.19701836,0.17469147,3.9559104,12
3925,0.3488787,0.12680773,3.1408036,13
3926,0.2146486,0.48077205,2.8346946,14
3927,0.16114694,0.8254852,2.2468219,15
3928,0.23234607,0.36106423,6.1517467,16
3929,0.79089767,0.45448187,3.8035643,17
3930,0.1858787,0.21530892,4.188711,18
3931,0.5093725,0.10793994,2.6133192,19
3932,0.14582637,0.035789225,2.6607394,20
3933,0.24254166,0.31926814,2.7030585,21
3934,0.25984958,0.16086705,2.3635385,22
3935,0.15131712,0.79021704,2.8723538,23
3936,0.58936375,0.28185356,3.1397314,0
3937,0.13505973,0.42456216,1.3259606,1
3938,0.7448406,0.5528999,3.697462,2
3939,0.32572663,0.40813437,3.5890121,3
3940,0.5209598,0.2567802,2.9459605,4
3941,0.51677525,0.53841245,1.6473925,5
3942,0.6588833,0.44989607,2.564385,6
3943,0.35385397,0.23559779,2.7609353,7
3944,0.8298967,0.67617464,2.8340127,8
3945,0.23855458,0.5668063,2.8408933,9
3946,0.035310928,0.6907248,1.6041994,10
3947,0.6285127,0.20099449,4.276766,11
3948,0.09697755,0.15822656,5.7318068,12
3949,0.21986021,0.2433877,4.317735,13
3950,0.13932042,0.3040786,3.0003881,14
3951,0.17994879,0.5297454,2.6860108,15
3952,0.2344619,0.25932446,4.164752,16
3953,0.9376467,0.43204427,2.8758013,17
3954,0.16749959,0.11984745,5.031104,18
3955,0.6581827,0.13480103,3.8165212,19
3956,0.11908965,0.21205473,1.4387066,20
3957,0.3950144,0.2230078,3.735387,21
3958,0.09072667,0.114209846,3.955629,22
3959,0.20114821,0.81290734,2.2332742,23
3960,0.722327,0.6239869,4.692477,0
3961,0.32360074,0.23218764,1.5495424,1
3962,0.53950065,0.7231044,5.490926,2
3963,0.34511426,0.33736426,4.2893786,3
3964,0.6320846,0.44183505,5.4350615,4
3965,0.6255062,0.5169857,2.6911597,5
3966,0.39338633,0.7696364,4.8194027,6
3967,0.31195202,0.3365635,4.527655,7
3968,0.6887636,0.7966827,1.3354908,8
3969,0.42988998,0.68596447,1.7641203,9
3970,0.20975164,0.014568909,3.8403158,10
3971,0.42493156,0.3262143,5.447555,11
3972,0.08694521,0.23810671,5.912965,12
3973,0.29606703,0.21032737,3.8276844,13
3974,0.147052,0.6091548,3.5684156,14
3975,0.1724721,0.03992636,3.983204,15
3976,0.27813184,0.25310388,4.7172074,16
3977,0.8686919,0.35227495,3.009996,17
3978,0.1550507,0.2608234,4.653275,18
3979,0.60329586,0.2795234,3.4572086,19
3980,0.064330384,0.3210239,2.7941785,20
3981,0.6323511,0.12474587,3.1893466,21
3982,0.15214747,0.103855446,3.7487018,22
3983,0.008909446,0.18552157,3.170725,23
3984,0.7895694,0.45930627,5.3459578,0
3985,0.11126629,0.099621505,2.1704032,1
3986,0.6200441,0.5375124,6.494674,2
3987,0.43235505,0.15529855,3.2350845,3
3988,0.605355,0.27182487,3.5466778,4
3989,0.56435937,0.52287126,1.524785,5
3990,0.44681877,0.5003643,2.9705176,6
3991,0.27567384,0.48570132,2.6502132,7
3992,0.93301195,0.65216184,0.9052667,8
3993,0.41756964,0.5400854,2.1350226,9
3994,0.090649776,0.45899805,2.5723555,10
3995,0.4224975,0.2797528,4.330981,11
3996,0.087555155,0.1572599,4.3249807,12
3997,0.26760888,0.13381165,3.3298588,13
3998,0.071662195,0.279814,2.6253595,14
3999,0.12162968,0.162246,4.599785,15
4000,0.20087752,0.2932216,5.230599,16
4001,0.83365804,0.3981018,3.5432696,17
4002,0.17060913,0.1532951,4.362058,18
4003,0.8578993,0.20516035,4.0778127,19
4004,0.06625866,0.20608367,3.1567242,20
4005,0.5891514,0.25693643,6.360159,21
4006,0.10234461,0.11814832,3.9798942,22
4007,0.54046184,0.7805365,0.730888,23
4008,0.73991716,0.5237052,5.698941,0
4009,0.28564587,0.91170007,1.8872921,1
4010,0.72368866,0.59689206,4.4519587,2
4011,0.4405307,0.42743757,4.0505767,3
4012,0.845065,0.4688294,7.6900296,4
4013,0.6245365,0.49110225,1.8643017,5
4014,0.59051085,0.50734335,1.8863366,6
4015,0.39233086,0.42659524,3.5131586,7
4016,0.59797835,0.7631887,2.0643888,8
4017,0.22641395,0.62588,2.6171637,9
4018,0.19086346,0.40496525,1.6050826,10
4019,0.34115276,0.25438258,4.185458,11
4020,0.16487472,0.20002015,5.0768185,12
4021,0.29801852,0.33241844,3.060334,13
4022,0.20648314,0.1892808,2.9259596,14
4023,0.19167247,0.012188064,3.569457,15
4024,0.27252868,0.17388691,6.395498,16
4025,0.6824595,0.582482,3.5654926,17
4026,0.10670518,0.25642496,4.7743745,18
4027,0.58717924,0.38851854,2.6263096,19
4028,0.09925385,0.23523687,3.5909007,20
4029,0.3971516,0.18074818,4.1250396,21
4030,0.10363907,0.1505609,4.457841,22
4031,0.2767112,0.6218351,1.3106436,23
4032,0.8472309,0.2899889,3.595692,0
4033,0.07480761,0.7479124,1.6549586,1
4034,0.58126485,0.3147102,5.192614,2
4035,0.2668601,0.46561164,4.886142,3
4036,0.8254945,0.31776902,4.601614,4
4037,0.61744505,0.7660223,2.4022486,5
4038,0.46826816,0.7270804,2.797551,6
4039,0.33249772,0.33483443,3.0855489,7
4040,0.6729241,0.7363847,2.5037634,8
4041,0.35096765,0.87160057,1.7164984,9
4042,0.16399623,0.14507021,1.6799965,10
4043,0.4748151,0.2516151,4.5357556,11
4044,0.075301915,0.3161689,3.157279,12
4045,0.20145257,0.2062447,4.2543483,13
4046,0.18009548,0.44895652,3.6703696,14
4047,0.09797164,0.0035113299,3.5367866,15
4048,0.229323,0.33427238,4.09706,16
4049,0.84424055,0.25326365,3.9180517,17
4050,0.26729286,0.049671553,6.435729,18
4051,0.66572005,0.38040918,3.011292,19
4052,0.122768894,0.07711437,4.765046,20
4053,0.37470496,0.2995881,4.2127757,21
4054,0.18062074,0.19637623,2.0307298,22
4055,0.12572163,0.61381435,2.1376154,23
4056,0.7220723,0.28063834,4.07711,0
4057,0.27694625,0.9698971,1.1512331,1
4058,0.71602917,0.6369689,3.7108648,2
4059,0.34793192,0.2322871,3.860673,3
4060,0.52506095,0.37819785,5.4320865,4
4061,0.35440335,0.29101285,2.0457416,5
4062,0.3086324,0.60323274,1.9997697,6
4063,0.22727703,0.29882443,1.9529878,7
4064,0.54790556,0.6875576,1.9677765,8
4065,0.23865311,0.7223602,2.1036239,9
4066,0.21451953,0.06897931,1.7642715,10
4067,0.4036199,0.2153233,4.1920576,11
4068,0.13791957,0.24563545,5.003316,12
4069,0.20913844,0.15898025,4.9453483,13
4070,0.1524591,0.6860461,4.799415,14
4071,0.11493662,0.041907888,4.537589,15
4072,0.19486414,0.22903816,4.13083,16
4073,0.67680967,0.5155112,3.7096395,17
4074,0.14231007,0.13368207,4.7117157,18
4075,0.8160234,0.13939135,2.4774961,19
4076,0.23644385,0.40675068,1.0459045,20
4077,0.41500747,0.115912445,3.1962771,21
4078,0.1300191,0.10513115,3.9805932,22
4079,0.35645974,0.8580755,1.2504361,23
4080,0.7381729,0.2969527,4.399002,0
4081,0.14379147,0.9907444,2.058492,1
4082,0.69665694,0.51417345,5.1580863,2
4083,0.33714986,0.39571664,2.5807347,3
4084,0.50074506,0.3639077,5.7136927,4
4085,0.5327122,0.39645863,3.6242583,5
4086,0.65651333,0.7641284,2.0080588,6
4087,0.23101203,0.20196149,3.124862,7
4088,0.83367884,0.79498696,1.4259278,8
4089,0.3001021,0.8513737,2.5665083,9
4090,0.49030995,0.02736037,2.1109197,10
4091,0.48544726,0.1353177,5.0377293,11
4092,0.11797984,0.20581141,4.8944516,12
4093,0.3197562,0.19113518,3.2199197,13
4094,0.09068212,0.37482676,4.5825114,14
4095,0.20006967,0.28384596,1.9080962,15
4096,0.23703203,0.282598,2.9184766,16
4097,0.89450145,0.36882618,4.013203,17
4098,0.15917526,0.1355278,5.358434,18
4099,0.80412006,0.32230404,3.3424096,19
4100,0.19198532,0.67788976,0.42997658,20
4101,0.30292723,0.15302306,4.4546504,21
4102,0.1734475,0.29599863,2.3288374,22
4103,0.15957174,0.5990239,2.7509964,23
4104,0.77795917,0.37186125,3.7051568,0
4105,0.11854052,0.3887835,2.1671607,1
4106,0.79534566,0.6732336,3.0051079,2
4107,0.5461147,0.35192323,4.583451,3
4108,0.6468076,0.3356516,3.821392,4
4109,0.38314965,0.3890719,1.1321812,5
4110,0.55179685,0.6024893,3.5339568,6
4111,0.12431693,0.20251553,3.0969062,7
4112,0.8213798,0.4868746,0.6659752,8
4113,0.28295022,0.81329864,2.9412374,9
4114,0.27382338,0.009113456,3.6586146,10
4115,0.3591253,0.28420424,6.3234224,11
4116,0.14422497,0.15645413,4.4277816,12
4117,0.366073,0.26315925,4.0987115,13
4118,0.3008931,0.22714189,1.6239463,14
4119,0.122863434,0.5858382,2.0211914,15
4120,0.22636913,0.26633453,4.3001637,16
4121,0.9212187,0.50633574,3.0587835,17
4122,0.23770049,0.3321286,4.037964,18
4123,0.79957235,0.18631926,3.0850387,19
4124,0.1312861,0.23549049,1.7416806,20
4125,0.445608,0.13353373,3.0885935,21
4126,0.17384955,0.12333077,2.8068578,22
4127,0.19889988,0.865685,1.7167861,23
4128,0.7520605,0.45714948,5.239985,0
4129,0.09702184,0.0021715963,1.6750485,1
4130,0.47872564,0.5456703,4.1444693,2
4131,0.19680065,0.44058907,2.689096,3
4132,0.71896297,0.287593,4.935717,4
4133,0.7563951,0.6819883,2.9707441,5
4134,0.6834506,0.44026646,2.4502208,6
4135,0.19367523,0.2693853,2.7468894,7
4136,0.65427727,0.654603,1.9775951,8
4137,0.28125432,0.45672467,2.2599695,9
4138,0.1185551,0.83698094,1.4194312,10
4139,0.5096113,0.29167965,5.1212883,11
4140,0.18619148,0.112395495,5.586024,12
4141,0.38131285,0.12829608,3.9398348,13
4142,0.13518591,0.38167414,3.870912,14
4143,0.10135329,0.15008263,2.2851295,15
4144,0.17713194,0.31498948,4.544556,16
4145,0.7193805,0.27659494,3.6970844,17
4146,0.16718218,0.2560875,4.4224596,18
4147,0.7231718,0.23811093,1.9868007,19
4148,0.04806994,0.07072401,2.066348,20
4149,0.49996328,0.19600742,4.550723,21
4150,0.16799036,0.23584339,3.3339093,22
4151,0.04972105,0.8641244,3.7611387,23
4152,0.63131976,0.29387084,2.3082356,0
4153,0.07168183,0.8743516,2.2926128,1
4154,0.8042762,0.7915237,5.778822,2
4155,0.32163015,0.36341807,3.6550803,3
4156,0.77759963,0.30811495,3.6849942,4
4157,0.5346968,0.36141482,1.5515971,5
4158,0.81624436,0.6330675,2.4653487,6
4159,0.32664287,0.3181839,2.1623914,7
4160,0.82749367,0.57093364,1.4689666,8
4161,0.41637182,0.5833782,3.3327684,9
4162,0.27856803,0.005364451,3.2634244,10
4163,0.5339666,0.2824883,6.1247153,11
4164,0.12964027,0.16699085,3.47226,12
4165,0.36211216,0.25906277,3.5802364,13
4166,0.16020072,0.43168783,2.2164438,14
4167,0.0698595,0.048579443,4.336913,15
4168,0.16184579,0.31491616,4.9484377,16
4169,0.75389516,0.4018103,4.2709155,17
4170,0.13289894,0.11489033,6.4160185,18
4171,0.8768821,0.20526901,3.901007,19
4172,0.13468903,0.4621072,1.4631443,20
4173,0.29145217,0.18256818,4.411778,21
4174,0.13875556,0.16405717,2.8950953,22
4175,0.3652464,0.7608602,1.2579823,23
4176,0.73668844,0.3885724,3.1442592,0
4177,0.21157601,0.9171001,1.7195498,1
4178,0.56678724,0.71409357,4.7054634,2
4179,0.5759597,0.34598202,4.0883975,3
4180,0.7561486,0.4317916,4.883066,4
4181,0.40839162,0.45189187,2.2121568,5
4182,0.33763468,0.62268776,1.5651922,6
4183,0.2663423,0.31517708,2.2803965,7
4184,0.6578093,0.5040856,2.484104,8
4185,0.18099762,0.90269536,1.8789315,9
4186,0.045933556,0.34601352,2.3224676,10
4187,0.2738408,0.31052655,3.8417006,11
4188,0.100845024,0.2039166,4.5358253,12
4189,0.3045456,0.18243223,4.5917354,13
4190,0.17773572,0.39768335,3.0819726,14
4191,0.09856391,0.56480205,2.1870224,15
4192,0.13175663,0.40130672,3.7731576,16
4193,0.7066262,0.3285663,4.5473614,17
4194,0.13051951,0.064714536,5.1602345,18
4195,0.64873457,0.49820647,2.7365232,19
4196,0.18661952,0.125812,3.2026324,20
4197,0.2752951,0.26891616,3.1469421,21
4198,0.14274378,0.385335,1.9108422,22
4199,0.23436265,0.90410286,1.1889673,23
4200,0.65799767,0.2813027,2.660596,0
4201,0.123132914,0.4577294,1.5741837,1
4202,0.7599525,0.5721424,4.756893,2
4203,0.32389337,0.2828584,3.6669421,3
4204,0.48787236,0.40097827,3.3521404,4
4205,0.61362934,0.53467214,2.2127376,5
4206,0.4886878,0.7193053,3.8519278,6
4207,0.23404972,0.38078916,4.110039,7
4208,0.8017274,0.5274839,1.4694319,8
4209,0.44520304,0.83718127,2.7566013,9
4210,0.3173668,0.05036265,1.1834304,10
4211,0.3224367,0.31614068,5.1714706,11
4212,0.20072147,0.1270831,3.5523412,12
4213,0.2907964,0.23202598,2.880671,13
4214,0.07228236,0.37068266,3.2078276,14
4215,0.19820414,0.0018584896,5.5371094,15
4216,0.20267488,0.34741262,4.919263,16
4217,0.77605826,0.59150994,5.4711056,17
4218,0.2220584,0.09072815,6.791567,18
4219,0.78622544,0.24088801,4.192577,19
4220,0.05643787,0.3620217,1.3252225,20
4221,0.4648561,0.117238425,3.5274234,21
4222,0.0744869,0.15552013,6.103409,22
4223,0.047118235,0.8458061,2.623161,23
4224,0.81553584,0.254504,3.5145319,0
4225,0.14445695,0.7886867,1.42805,1
4226,0.46313205,0.58583194,3.1793938,2
4227,0.29617885,0.31543705,3.0916429,3
4228,0.56229216,0.5225973,4.551045,4
4229,0.56742924,0.50923884,1.8504328,5
4230,0.5463121,0.518136,4.2345324,6
4231,0.41337535,0.51402146,3.1253185,7
4232,0.64207613,0.84222794,1.8717967,8
4233,0.43357715,0.6956609,2.5234544,9
4234,0.10730747,0.033228554,1.8512272,10
4235,0.59826964,0.23761937,5.5161934,11
4236,0.13751069,0.24423686,5.1581335,12
4237,0.27100745,0.21194053,4.563219,13
4238,0.14386939,0.3503899,3.7148032,14
4239,0.21280539,0.405354,2.938849,15
4240,0.22638343,0.3167392,4.6682906,16
4241,0.83838594,0.39583334,3.0811298,17
4242,0.24794142,0.17506582,5.0717835,18
4243,0.56785876,0.42294028,1.8827488,19
4244,0.13181691,0.503486,1.1592103,20
4245,0.39516607,0.2528111,3.3669057,21
4246,0.06529418,0.13836314,5.3588104,22
4247,0.023931682,0.05832876,1.7883683,23
4248,0.4048049,0.43138885,3.4207103,0
4249,0.100458644,0.9869221,1.9238287,1
4250,0.5398829,0.59243816,2.4372842,2
4251,0.4625078,0.27762127,2.1233926,3
4252,0.56293535,0.32996497,4.5142064,4
4253,0.62675864,0.579524,2.283339,5
4254,0.3129208,0.5115662,2.0429506,6
4255,0.19641194,0.27454814,2.8392878,7
4256,0.3845429,0.24213052,1.5702808,8
4257,0.48895997,0.77182657,1.4674411,9
4258,0.031394448,0.5065464,1.2810503,10
4259,0.25222242,0.340615,6.076332,11
4260,0.07602237,0.11840244,3.1117673,12
4261,0.34029374,0.30534738,4.197311,13
4262,0.20703374,0.3299591,3.9653323,14
4263,0.09648843,0.45592165,2.764095,15
4264,0.19666597,0.25001928,4.1111584,16
4265,0.7871677,0.59398264,3.547089,17
4266,0.23906377,0.060355525,6.3986373,18
4267,0.6867195,0.18122497,2.2783678,19
4268,0.16567639,0.07396277,3.0688558,20
4269,0.52360857,0.11858984,3.303628,21
4270,0.13989376,0.2081003,3.2201228,22
4271,0.024214515,0.25706044,4.365979,23
4272,0.50757104,0.23798518,3.3826094,0
4273,0.08335641,0.60523105,1.562171,1
4274,0.5674809,0.6436178,3.9225814,2
4275,0.29476905,0.39108264,2.950928,3
4276,0.85564435,0.25193316,4.8932605,4
4277,0.3173803,0.46595016,1.4948207,5
4278,0.7043879,0.38083774,3.0357814,6
4279,0.24540669,0.26596847,4.3613715,7
4280,0.45770347,0.55816245,3.2858138,8
4281,0.20417228,0.72324765,1.3771533,9
4282,0.4268139,0.055058517,2.2588556,10
4283,0.33835602,0.1610205,5.7318635,11
4284,0.11998373,0.17953445,4.982335,12
4285,0.4501243,0.0676293,3.5181298,13
4286,0.20124161,0.54669434,3.4396906,14
4287,0.22991206,0.1425053,3.7935858,15
4288,0.10506206,0.20022906,2.8856301,16
4289,0.73742956,0.3371617,3.2740138,17
4290,0.21452384,0.11548209,4.8575335,18
4291,0.792323,0.3764939,4.082205,19
4292,0.08583327,0.4184681,2.4866695,20
4293,0.329802,0.22710173,3.573333,21
4294,0.16547889,0.14273971,3.0504131,22
4295,0.03250067,0.43426234,1.993278,23
4296,0.6683043,0.24384253,2.8878903,0
4297,0.07642796,0.86132246,1.5283422,1
4298,0.79765135,0.48322394,3.3402798,2
4299,0.40168232,0.38095504,4.2436476,3
4300,0.74147177,0.4662721,5.4287887,4
4301,0.6298865,0.57731986,1.3544184,5
4302,0.39585224,0.7028505,1.9820243,6
4303,0.25419942,0.24503724,2.3140717,7
4304,0.6534792,0.40955907,1.8192985,8
4305,0.26308197,0.45482546,2.3155985,9
4306,0.20753846,0.04208792,2.1082146,10
4307,0.2939594,0.30484796,5.227311,11
4308,0.13714974,0.09435331,4.096445,12
4309,0.3825804,0.19893289,3.1683493,13
4310,0.10111252,0.46367666,3.6694598,14
4311,0.10156288,0.24002822,2.6437805,15
4312,0.2411295,0.21504699,5.307691,16
4313,0.7334396,0.52259487,3.3471262,17
4314,0.18497695,0.089805715,4.821262,18
4315,0.5731913,0.3526616,2.9034436,19
4316,0.17914256,0.7804069,0.68871987,20
4317,0.37427714,0.3064977,3.1236024,21
4318,0.13355064,0.14433186,3.3215773,22
4319,0.6773367,0.9391497,1.166232,23
4320,0.6923711,0.37549022,4.017479,0
4321,0.0861186,0.38045028,2.650896,1
4322,0.6834585,0.44907293,2.9192445,2
4323,0.39682788,0.39349204,3.8698163,3
4324,0.4657291,0.25986385,5.394673,4
4325,0.42259598,0.59490156,1.3963201,5
4326,0.57681555,0.45780233,2.058747,6
4327,0.22898132,0.3716985,4.810822,7
4328,0.7480022,0.46198824,2.5861619,8
4329,0.2675551,0.83750737,2.7668843,9
4330,0.095464215,0.0018921448,4.4686546,10
4331,0.5162181,0.24004075,4.4651327,11
4332,0.077590294,0.1651742,4.0565076,12
4333,0.33699188,0.1942545,3.2826452,13
4334,0.118162245,0.3395116,3.6535559,14
4335,0.1354302,0.62972885,2.6880147,15
4336,0.28164145,0.29122573,5.6318665,16
4337,0.48471704,0.5548314,5.2307754,17
4338,0.15929225,0.18825689,6.168738,18
4339,0.64293,0.3484468,2.6444292,19
4340,0.07585391,0.15986536,1.6692889,20
4341,0.22838566,0.2950315,6.060234,21
4342,0.09782064,0.16552345,2.6625934,22
4343,0.20495532,0.82059765,2.2295527,23
4344,0.6744721,0.18996651,2.927979,0
4345,0.09092653,0.11017801,2.090371,1
4346,0.5829776,0.71316606,4.349825,2
4347,0.17309637,0.39386493,2.6549783,3
4348,0.5625039,0.33730832,4.86988,4
4349,0.52183855,0.6674014,3.781331,5
4350,0.34249857,0.5270275,1.9554164,6
4351,0.25615233,0.345319,1.4142395,7
4352,0.8248937,0.5689586,1.2398,8
4353,0.32268944,0.38345024,2.9794745,9
4354,0.10012165,0.6794115,1.5660088,10
4355,0.5124081,0.28811604,5.8275194,11
4356,0.17351729,0.08696464,3.0498462,12
4357,0.36360237,0.18801172,2.775644,13
4358,0.120984815,0.4431656,2.959912,14
4359,0.10776859,0.9012213,2.028137,15
4360,0.23514885,0.13426845,3.2151098,16
4361,0.9319522,0.40177196,2.8828719,17
4362,0.27672556,0.10044696,5.0907493,18
4363,0.8294565,0.23909557,2.684023,19
4364,0.105462685,0.08225632,4.5686393,20
4365,0.26710123,0.39657733,3.2548368,21
4366,0.16161035,0.17941311,4.4606266,22
4367,0.09566192,0.25698075,1.8407029,23
4368,0.4291582,0.41429657,4.9814215,0
4369,0.24453424,0.929673,1.237625,1
4370,0.5620435,0.5807904,3.1856174,2
4371,0.46874166,0.30682206,4.913272,3
4372,0.7964441,0.28497815,4.033352,4
4373,0.4503826,0.70849764,2.3041818,5
4374,0.71774477,0.7378887,2.874083,6
4375,0.4374044,0.29085383,2.8924518,7
4376,0.44127956,0.794756,2.691051,8
4377,0.31313607,0.66605866,2.0688195,9
4378,0.4681494,0.06229902,1.6235981,10
4379,0.49362105,0.2150006,4.7652745,11
4380,0.11641231,0.12812448,4.337744,12
4381,0.21745884,0.1899503,3.1784666,13
4382,0.15112889,0.35103256,3.6261714,14
4383,0.07005957,0.04829612,3.8355517,15
4384,0.13461305,0.24832393,4.935113,16
4385,0.7126716,0.55663663,2.585412,17
4386,0.2215951,0.10346688,5.9920444,18
4387,0.6977074,0.4416686,3.5333772,19
4388,0.27999306,0.12116047,2.9303262,20
4389,0.561121,0.2555038,3.7754755,21
4390,0.08605713,0.1967554,6.0188074,22
4391,0.057766836,0.20483193,3.5890427,23
4392,0.83748263,0.17586456,2.4472566,0
4393,0.12038676,0.40389273,2.005007,1
4394,0.85574204,0.63596016,5.683699,2
4395,0.610615,0.33958384,4.8478665,3
4396,0.62176734,0.32969654,5.034134,4
4397,0.5519343,0.5863164,1.9676814,5
4398,0.63033456,0.5162607,1.5294323,6
4399,0.25649506,0.25415516,3.4043803,7
4400,0.7174612,0.9090255,2.3044508,8
4401,0.21526304,0.7510305,2.6561594,9
4402,0.15335982,0.11241388,2.3461273,10
4403,0.35513216,0.19103776,5.07269,11
4404,0.11092775,0.16789243,3.875233,12
4405,0.41442162,0.20122512,2.9517913,13
4406,0.20690851,0.48410678,3.832511,14
4407,0.14934704,0.24880958,3.08524,15
4408,0.16117768,0.31378073,5.1590805,16
4409,0.75291246,0.5119694,3.5158153,17
4410,0.15388112,0.13333546,6.825114,18
4411,0.8339873,0.24980304,4.0404735,19
4412,0.21792513,0.15792738,3.701701,20
4413,0.308549,0.12825266,3.9360356,21
4414,0.16063969,0.11102858,4.3462467,22
4415,0.099300854,0.9308312,1.792642,23
4416,0.46847746,0.5889075,4.668613,0
4417,0.18841445,0.99960583,1.3358903,1
4418,0.7583767,0.53888553,4.502239,2
4419,0.49501947,0.18747534,3.4008408,3
4420,0.45616958,0.29962805,4.2042522,4
4421,0.34039348,0.591192,2.1677866,5
4422,0.5760223,0.39000914,3.0143943,6
4423,0.2888557,0.23656222,1.9198699,7
4424,0.78540516,0.695535,2.5961626,8
4425,0.44394326,0.42131367,2.3267903,9
4426,0.11271322,0.38691077,2.5709133,10
4427,0.4484556,0.18822096,6.1911306,11
4428,0.12444248,0.25786823,4.377658,12
4429,0.42305377,0.17061843,3.593923,13
4430,0.13181923,0.36485788,2.4682453,14
4431,0.038025323,0.1905567,2.798223,15
4432,0.25280458,0.31436977,3.988837,16
4433,0.76910865,0.39955723,3.9194684,17
4434,0.21039097,0.16739044,5.402663,18
4435,0.7599887,0.10791329,1.2602713,19
4436,0.08573957,0.20046532,1.8094487,20
4437,0.42552835,0.2385553,3.501575,21
4438,0.12808582,0.15420483,2.7437105,22
4439,0.1822007,0.7689589,1.407923,23
4440,0.7674024,0.26705584,2.839452,0
4441,0.11337366,0.209207,1.558454,1
4442,0.77147746,0.6053605,3.5125873,2
4443,0.3778891,0.40881574,4.120473,3
4444,0.6696964,0.37802956,4.459129,4
4445,0.5391864,0.42306733,1.5880233,5
4446,0.38615027,0.25663605,2.9983332,6
4447,0.3035471,0.23725693,2.6516194,7
4448,0.19794089,0.611259,1.0351404,8
4449,0.23863862,0.4699233,2.4648829,9
4450,0.35845143,0.33639988,1.9576495,10
4451,0.39142898,0.2811645,5.7910137,11
4452,0.10232475,0.19541326,2.7470376,12
4453,0.28280517,0.19164942,3.9918208,13
4454,0.18684615,0.3198747,2.9457884,14
4455,0.08802328,0.028020103,3.6617823,15
4456,0.16322295,0.33601904,6.1323137,16
4457,0.8896049,0.47828457,3.498087,17
4458,0.22102864,0.30708882,3.2334642,18
4459,0.77567303,0.34222227,2.5473907,19
4460,0.16177551,0.34185478,2.8424146,20
4461,0.33384508,0.34369698,3.4605584,21
4462,0.22617514,0.22221935,3.33531,22
4463,0.06126826,0.4564886,2.073915,23
4464,0.69087666,0.35969776,2.9929543,0
4465,0.13375619,0.3689319,1.2389536,1
4466,0.65844816,0.55120295,4.0896425,2
4467,0.43411684,0.27096877,4.3114967,3
4468,0.79775035,0.27414525,4.0682178,4
4469,0.3969914,0.15673204,1.8668308,5
4470,0.8318378,0.460949,2.643528,6
4471,0.20820203,0.25190276,4.028162,7
4472,0.76531166,0.62326247,1.252965,8
4473,0.36332425,0.88263386,1.9280607,9
4474,0.27008638,0.23179543,2.451488,10
4475,0.3911132,0.23111777,5.6791186,11
4476,0.12291021,0.1495015,5.9142113,12
4477,0.28259364,0.27840653,4.1759725,13
4478,0.20682421,0.37100726,2.7997456,14
4479,0.10560418,0.26601934,2.0901046,15
4480,0.22171506,0.23481043,3.714974,16
4481,0.8652736,0.66701454,5.10233,17
4482,0.1688857,0.2240717,5.834461,18
4483,0.7272234,0.3298673,3.6993833,19
4484,0.11054198,0.3113057,2.0014098,20
4485,0.43695456,0.29242408,2.017806,21
4486,0.17582752,0.18256977,3.6695995,22
4487,0.20287102,0.8721576,1.6766287,23
4488,0.30927074,0.39899662,3.7466834,0
4489,0.20790361,0.14709271,1.6616606,1
4490,0.8665754,0.72479993,3.918815,2
4491,0.43752307,0.273628,3.351648,3
4492,0.8536149,0.31068617,5.6847687,4
4493,0.4723324,0.49874052,2.7845237,5
4494,0.55693275,0.6309281,3.9243622,6
4495,0.44726714,0.27146462,3.0677052,7
4496,0.565201,0.8689368,2.2557254,8
4497,0.16248743,0.80336756,2.5856926,9
4498,0.5144713,0.007483,1.7301126,10
4499,0.43773004,0.27247077,4.6381636,11
4500,0.089320384,0.19973181,5.084073,12
4501,0.35240856,0.13118626,4.0132885,13
4502,0.167955,0.29640585,3.7996552,14
4503,0.064328864,0.05609035,3.5177045,15
4504,0.21644992,0.20481582,3.9697046,16
4505,0.6705434,0.7197736,4.327083,17
4506,0.16662621,0.21175165,3.9495585,18
4507,0.60947627,0.32022914,3.9263706,19
4508,0.190036,0.8627076,1.0486238,20
4509,0.30814168,0.17741026,4.644778,21
4510,0.14156935,0.18410394,2.2299874,22
4511,0.043576147,0.69046426,1.9569836,23
4512,0.49818763,0.22856121,2.9915426,0
4513,0.084978856,0.8498491,1.816857,1
4514,0.7634442,0.711442,4.1716614,2
4515,0.22645229,0.26522824,3.488662,3
4516,0.66754603,0.26709223,4.702364,4
4517,0.42225808,0.42974272,2.873878,5
4518,0.49908122,0.40705436,1.8737762,6
4519,0.17352547,0.48404622,3.6218736,7
4520,0.672932,0.64258784,1.6029305,8
4521,0.28310812,0.6019889,2.5528429,9
4522,0.050115168,0.405014,1.2835795,10
4523,0.38166377,0.31743366,5.048934,11
4524,0.042078596,0.19006334,4.428214,12
4525,0.24893297,0.32233444,3.6482582,13
4526,0.18510687,0.28399366,4.4236903,14
4527,0.19349079,0.5647127,1.7902393,15
4528,0.20213571,0.28935757,4.635472,16
4529,0.362413,0.31153902,3.9464169,17
4530,0.2012299,0.22463895,4.280409,18
4531,0.56349975,0.43215075,2.8121624,19
4532,0.16906133,0.06229728,3.4591115,20
4533,0.42117363,0.27784806,3.8851433,21
4534,0.14769392,0.09060968,4.54058,22
4535,0.17649092,0.55500203,1.0275333,23
4536,0.46480227,0.38080132,3.164438,0
4537,0.09932707,0.25422475,1.7423416,1
4538,0.68874556,0.45257822,5.2315426,2
4539,0.7728581,0.16740286,3.4962366,3
4540,0.5156639,0.46616665,6.022658,4
4541,0.6302833,0.2424219,0.95568836,5
4542,0.5734214,0.41695195,1.8409337,6
4543,0.18514293,0.344263,3.5597425,7
4544,0.9374219,0.46798015,1.6055685,8
4545,0.2585156,0.5425515,2.893705,9
4546,0.117544904,0.0023711696,5.290161,10
4547,0.44824156,0.19693053,4.70649,11
4548,0.07694175,0.27146828,3.6640587,12
4549,0.43517044,0.25239003,3.1880827,13
4550,0.1948746,0.2650444,2.3837047,14
4551,0.12777701,0.004239272,5.104799,15
4552,0.14555617,0.28881958,5.133555,16
4553,0.83835393,0.4305005,3.2351685,17
4554,0.2510168,0.20415625,5.2133303,18
4555,0.4723973,0.6417078,3.5362897,19
4556,0.29071987,0.34755868,1.8357687,20
4557,0.47328493,0.22472781,4.272688,21
4558,0.14444833,0.13771304,4.11634,22
4559,0.062023986,0.2441141,1.5374087,23
4560,0.53635055,0.60959864,3.8292968,0
4561,0.121459186,0.30139604,2.0777743,1
4562,0.5906449,0.72002614,4.8582835,2
4563,0.59167486,0.2999387,4.681607,3
4564,0.6644666,0.4352376,5.8918977,4
4565,0.50918645,0.6078653,1.9848956,5
4566,0.6488511,0.5107403,1.3800619,6
4567,0.3227307,0.42563552,4.6270485,7
4568,0.8117409,0.68912756,1.6381068,8
4569,0.3600198,0.59664387,2.2003284,9
4570,0.062138278,0.633898,1.1816133,10
4571,0.4699621,0.20657387,5.068936,11
4572,0.19750495,0.1881852,4.4498353,12
4573,0.3845616,0.1612293,2.5596614,13
4574,0.14048398,0.31208655,2.8384008,14
4575,0.08486032,0.5153329,1.6988367,15
4576,0.13178833,0.3770392,4.945349,16
4577,0.8661969,0.5772651,4.885538,17
4578,0.2153139,0.10617113,4.9884,18
4579,0.5965242,0.21793306,2.789457,19
4580,0.18998684,0.4246048,1.8888463,20
4581,0.40951917,0.120571434,4.465687,21
4582,0.1581426,0.1760789,3.539159,22
4583,0.019683713,0.627689,3.4834642,23
4584,0.8123494,0.10683145,3.171053,0
4585,0.06282885,0.9974492,1.3353367,1
4586,0.77858096,0.63687164,3.8175728,2
4587,0.44473597,0.2812789,4.0215836,3
4588,0.64452744,0.3026139,4.09008,4
4589,0.57350147,0.5265503,1.6410513,5
4590,0.45683655,0.61730963,3.1645248,6
4591,0.35846,0.35847387,2.773626,7
4592,0.41543147,0.896853,2.5414639,8
4593,0.46067676,0.68897617,3.2687435,9
4594,0.10360829,0.8368022,2.0167067,10
4595,0.49558964,0.19473322,4.8568025,11
4596,0.14819346,0.19256006,5.3978443,12
4597,0.43806344,0.21877874,2.594308,13
4598,0.1247531,0.5263073,1.9691024,14
4599,0.099967726,0.07888444,3.7879493,15
4600,0.19489366,0.25795525,4.50402,16
4601,0.41447076,0.2789574,3.647739,17
4602,0.13624786,0.19213365,6.923656,18
4603,0.58211315,0.10229184,2.283251,19
4604,0.22651103,0.1251826,3.316279,20
4605,0.3412653,0.17974833,3.9408793,21
4606,0.06216523,0.15580977,4.0607076,22
4607,0.44690952,0.8471507,1.8580682,23
4608,0.73685837,0.36316407,3.6764593,0
4609,0.20871381,0.98526394,1.7502677,1
4610,0.6434288,0.7271064,3.4821215,2
4611,0.29389256,0.36726856,2.4097106,3
4612,0.54185516,0.36827832,5.2486086,4
4613,0.5808236,0.21421841,1.7200055,5
4614,0.4111211,0.5771221,1.8134207,6
4615,0.30027485,0.39341292,2.5937488,7
4616,0.5866174,0.7264515,2.0720708,8
4617,0.47569266,0.88752156,2.346619,9
4618,0.29499382,0.1612949,1.3178731,10
4619,0.41787416,0.2743382,4.67884,11
4620,0.08774924,0.15294208,4.0579977,12
4621,0.40605077,0.24526419,3.6238332,13
4622,0.07669724,0.5383638,2.854556,14
4623,0.13883917,0.0013223768,5.0346446,15
4624,0.1741809,0.2687704,3.5355637,16
4625,0.86744225,0.38018608,3.0488982,17
4626,0.27538908,0.11232861,6.638684,18
4627,0.5378326,0.1890996,2.598778,19
4628,0.13447508,0.088272944,4.962725,20
4629,0.38917503,0.15923704,2.4314423,21
4630,0.15373862,0.083309256,4.1111856,22
4631,0.042592797,0.35714504,2.8934326,23
4632,0.5582695,0.4500808,3.8063855,0
4633,0.104170844,0.29824144,1.2984848,1
4634,0.64625466,0.5221933,4.6256824,2
4635,0.55794215,0.31042358,3.0881903,3
4636,0.5052087,0.31871125,4.0715394,4
4637,0.35420653,0.60175705,2.9998121,5
4638,0.49094704,0.62882125,2.1038249,6
4639,0.4030791,0.33143112,5.473111,7
4640,0.5816643,0.31770086,1.0731845,8
4641,0.49270082,0.5407019,2.7916508,9
4642,0.22980173,0.05396746,1.9116559,10
4643,0.5485213,0.38108137,4.857031,11
4644,0.121353745,0.116352275,4.322581,12
4645,0.2608823,0.10451066,3.6339188,13
4646,0.14279301,0.4066169,2.836099,14
4647,0.12706383,0.69567823,2.273966,15
4648,0.168242,0.32457608,5.7088118,16
4649,0.75341105,0.521385,3.7759078,17
4650,0.19417737,0.07602395,5.8320904,18
4651,0.6774328,0.26420414,3.322909,19
4652,0.1350007,0.048998725,3.6384668,20
4653,0.4948177,0.20025592,3.0189373,21
4654,0.12612559,0.19653155,2.1135178,22
4655,0.56934345,0.8644029,0.91603583,23
4656,0.554915,0.3757853,4.6059074,0
4657,0.13133225,0.026641814,2.0815947,1
4658,0.75654864,0.71783423,3.6202524,2
4659,0.2741844,0.4541304,4.4851685,3
4660,0.658611,0.32460955,3.956368,4
4661,0.45310915,0.5595737,2.1913846,5
4662,0.45192635,0.7164705,2.067338,6
4663,0.24111858,0.19972223,3.647177,7
4664,0.9213355,0.44723853,1.5803416,8
4665,0.26725033,0.46021622,1.5013037,9
4666,0.010219969,0.9702536,1.1700331,10
4667,0.44059122,0.17114553,3.618088,11
4668,0.06451907,0.37151065,4.544587,12
4669,0.33827695,0.2551169,3.8410587,13
4670,0.1779749,0.4241235,3.1469078,14
4671,0.16255176,0.06952637,3.5036902,15
4672,0.23871952,0.16620259,4.7466197,16
4673,0.76724935,0.48571432,3.362265,17
4674,0.21403824,0.22553314,3.914342,18
4675,0.6281277,0.38525724,2.1776643,19
4676,0.23548585,0.33252865,2.4926991,20
4677,0.2812377,0.22135408,4.9453154,21
4678,0.15465605,0.09074454,5.918793,22
4679,0.120649554,0.58276975,1.523968,23
4680,0.6308807,0.31124362,3.03473,0
4681,0.17225465,0.2750361,3.7077281,1
4682,0.50572044,0.59636295,5.716506,2
4683,0.307472,0.32056075,4.2510967,3
4684,0.57606566,0.3291302,4.4675293,4
4685,0.71461827,0.5520169,1.5174283,5
4686,0.6290919,0.53637445,2.342744,6
4687,0.20348305,0.29295003,3.4953535,7
4688,0.91007894,0.7908178,1.6616838,8
4689,0.29203683,0.771561,3.0202672,9
4690,0.064176396,0.1439703,1.94704,10
4691,0.5026464,0.30616924,4.4185815,11
4692,0.08752185,0.13046248,3.9999487,12
4693,0.3819092,0.180193,4.0435066,13
4694,0.31946793,0.44861698,3.6611285,14
4695,0.09431741,0.28809154,2.0075836,15
4696,0.22373454,0.25347432,5.854717,16
4697,0.52307165,0.56415594,4.222444,17
4698,0.21035472,0.22565845,4.7730665,18
4699,0.8278999,0.20403212,2.387852,19
4700,0.14692605,0.23636356,1.7977057,20
4701,0.33043396,0.1371459,2.759535,21
4702,0.23804066,0.112800516,4.250917,22
4703,0.40190762,0.7410054,0.8661062,23
4704,0.79209703,0.2818547,4.3120656,0
4705,0.04927148,0.22403191,1.6796464,1
4706,0.7116455,0.48961648,4.902833,2
4707,0.4465969,0.31852338,2.8255782,3
4708,0.76321185,0.20864132,4.440232,4
4709,0.4430956,0.75564307,2.4530246,5
4710,0.81207985,0.5303984,3.3524845,6
4711,0.20809062,0.3524557,4.516526,7
4712,0.59974706,0.6007359,1.5120898,8
4713,0.45856708,0.7849441,2.5321817,9
4714,0.11263274,0.0021622786,3.4090254,10
4715,0.32572004,0.19233906,5.828281,11
4716,0.15955189,0.14906737,3.0692158,12
4717,0.31227985,0.19050883,4.037953,13
4718,0.19356942,0.53507584,3.2190464,14
4719,0.054382715,0.9923679,0.742138,15
4720,0.16779825,0.32066607,3.6066935,16
4721,0.51406676,0.4354646,4.112622,17
4722,0.19183151,0.19959751,4.5756693,18
4723,0.74471366,0.45687395,3.4157543,19
4724,0.2564016,0.5887156,1.6037569,20
4725,0.23520558,0.30998948,4.325251,21
4726,0.18543506,0.17337202,2.269056,22
4727,0.07179656,0.3942431,1.2216152,23
4728,0.6456984,0.47043622,3.8443074,0
4729,0.20145224,0.054570597,1.2056761,1
4730,0.8210576,0.62107646,5.12057,2
4731,0.27678168,0.22081642,4.8095264,3
4732,0.66958356,0.38074166,4.3951426,4
4733,0.55946064,0.4373564,1.8151052,5
4734,0.7345823,0.66435045,3.8360682,6
4735,0.23173125,0.26270896,3.668478,7
4736,0.88795674,0.6876357,2.3128207,8
4737,0.21562555,0.7046522,3.192717,9
4738,0.09822505,0.8256846,1.7596108,10
4739,0.48262015,0.29003525,4.575339,11
4740,0.15447088,0.15707009,4.3892746,12
4741,0.3484433,0.175685,3.154733,13
4742,0.15521687,0.38146505,3.1749754,14
4743,0.14110285,0.019904397,4.539627,15
4744,0.1742834,0.32921216,5.63811,16
4745,0.83950216,0.3557313,4.097475,17
4746,0.100910634,0.13439858,7.3293934,18
4747,0.7068543,0.37523264,3.1347501,19
4748,0.15738006,0.18600893,4.1120844,20
4749,0.26845622,0.313293,2.7068532,21
4750,0.24782498,0.2281165,1.750543,22
4751,0.060093842,0.70754445,2.2109137,23
4752,0.7973431,0.30605966,3.1404665,0
4753,0.14129053,0.7636713,1.5753384,1
4754,0.55244553,0.61696,4.723912,2
4755,0.5586636,0.31164,3.5459628,3
4756,0.7771039,0.22810204,5.230122,4
4757,0.6761425,0.58493793,2.1358833,5
4758,0.45633182,0.6921685,2.6857293,6
4759,0.20910524,0.29681453,3.1157894,7
4760,0.8471287,0.8611169,2.0901513,8
4761,0.29584247,0.5334857,3.3076138,9
4762,0.08374834,0.3172911,2.3161266,10
4763,0.3604753,0.21741493,4.573979,11
4764,0.16139673,0.15060735,4.855898,12
4765,0.35428873,0.23580028,4.082267,13
4766,0.15632848,0.18711723,2.983471,14
4767,0.06914646,0.41427484,1.7702686,15
4768,0.20048127,0.26715013,5.6299872,16
4769,0.8648498,0.6903455,3.688173,17
4770,0.14909025,0.23297602,4.0537543,18
4771,0.55818886,0.1919546,2.2428617,19
4772,0.20710859,0.31802544,3.0039911,20
4773,0.37429085,0.31689975,3.9866319,21
4774,0.13317442,0.1002642,4.3898177,22
4775,0.04599045,0.41865084,1.7488852,23
4776,0.6255693,0.4237487,3.377102,0
4777,0.13137367,0.93130946,1.7770392,1
4778,0.6809081,0.5578831,5.1233106,2
4779,0.33552322,0.3582296,3.3806615,3
4780,0.75097615,0.43548092,5.6008315,4
4781,0.6017009,0.5196047,2.0799859,5
4782,0.5549269,0.5796801,2.3458524,6
4783,0.30904996,0.24065325,1.7400715,7
4784,0.7147426,0.53862137,2.3846822,8
4785,0.29809317,0.7770762,2.121255,9
4786,0.07042501,0.6347042,1.3949652,10
4787,0.40691942,0.21266972,5.373002,11
4788,0.06974109,0.19137196,5.327682,12
4789,0.4291565,0.14900161,2.781451,13
4790,0.11564265,0.53222436,3.634287,14
4791,0.05984237,0.6776383,2.1569643,15
4792,0.16119376,0.30107707,3.6020665,16
4793,0.61980945,0.50170255,3.3570118,17
4794,0.2069256,0.1408896,4.785822,18
4795,0.7488137,0.09266278,2.2604783,19
4796,0.07999078,0.2663384,1.8230529,20
4797,0.5101534,0.22642162,3.350979,21
4798,0.15896647,0.13286053,5.5265455,22
4799,0.12259986,0.2609149,1.5067074,23
4800,0.49276403,0.31877992,4.060423,0
4801,0.086475685,0.4744068,1.2963591,1
4802,0.7259054,0.5818289,3.9221587,2
4803,0.34427017,0.2975893,2.3984053,3
4804,0.7963185,0.4350217,3.7313576,4
4805,0.5552261,0.4721259,1.9756724,5
4806,0.42436594,0.71326786,2.5115733,6
4807,0.15154226,0.17194103,3.271853,7
4808,0.7082379,0.38590917,1.3021021,8
4809,0.442072,0.7147309,2.0443995,9
4810,0.11387578,0.53383255,1.7044075,10
4811,0.42437077,0.18714172,5.284483,11
4812,0.06378787,0.11316143,5.470691,12
4813,0.321003,0.1765929,3.9516287,13
4814,0.118804485,0.4209133,3.5484357,14
4815,0.19631547,0.011341593,4.6087117,15
4816,0.23143792,0.2521571,4.541052,16
4817,0.9279499,0.37045172,3.460382,17
4818,0.25384378,0.076466925,5.560788,18
4819,0.49386704,0.4050673,3.2564332,19
4820,0.066586375,0.2666707,1.6951436,20
4821,0.38375136,0.25602335,3.1248977,21
4822,0.22259656,0.1957892,3.7483761,22
4823,0.2756886,0.3041175,1.2603097,23
4824,0.7197899,0.1517333,3.440263,0
4825,0.10598115,0.25903136,1.3404608,1
4826,0.7796607,0.6670543,5.7183557,2
4827,0.5573392,0.37912652,4.1557956,3
4828,0.7441255,0.3882465,2.8126764,4
4829,0.4898249,0.5533559,1.540996,5
4830,0.5609658,0.49310097,2.6819453,6
4831,0.13238533,0.2160468,3.8550866,7
4832,0.8999653,0.69863987,1.8409796,8
4833,0.35149208,0.39639163,3.2545493,9
4834,0.14103523,0.067662604,2.1227899,10
4835,0.36098468,0.24575174,4.6909003,11
4836,0.1270919,0.19854294,6.294007,12
4837,0.34688106,0.17151016,4.38011,13
4838,0.1090558,0.2889487,3.4650345,14
4839,0.30965304,0.2276927,2.2758493,15
4840,0.14802843,0.32617384,4.4030175,16
4841,0.6317477,0.2937147,4.324729,17
4842,0.1904243,0.19552201,5.418282,18
4843,0.6727062,0.26800036,3.3417394,19
4844,0.117939256,0.26757148,1.774732,20
4845,0.34824702,0.23889482,3.0403116,21
4846,0.18160217,0.095659964,4.956475,22
4847,0.007978916,0.681803,3.4073339,23
4848,0.84412944,0.20195998,3.2974615,0
4849,0.22445889,0.5162359,3.068647,1
4850,0.71482694,0.70608014,3.397459,2
4851,0.3096147,0.39053997,2.8791177,3
4852,0.7951613,0.2977676,3.8535795,4
4853,0.53003883,0.563219,1.9881914,5
4854,0.30914962,0.5699487,1.7399377,6
4855,0.27594146,0.4126129,3.0991526,7
4856,0.89983726,0.5602096,1.398732,8
4857,0.2877595,0.73536277,2.8472133,9
4858,0.13028285,0.1600894,3.2741477,10
4859,0.3547179,0.23065202,4.959254,11
4860,0.100851946,0.12314205,5.7737722,12
4861,0.33357292,0.07755797,3.7701747,13
4862,0.0769771,0.40359136,2.8547173,14
4863,0.29306775,0.052911475,3.4891462,15
4864,0.32954207,0.3139679,5.950323,16
4865,0.8336891,0.40714788,4.627363,17
4866,0.18797988,0.17442262,5.6961985,18
4867,0.7175986,0.56358624,1.5575163,19
4868,0.08937541,0.11010851,4.028297,20
4869,0.33399007,0.25857833,3.7871132,21
4870,0.16258818,0.114324756,5.3148956,22
4871,0.18733905,0.69396037,2.4626906,23
4872,0.62870556,0.35202447,2.5807247,0
4873,0.14531483,0.6075534,2.139312,1
4874,0.6846945,0.48405024,2.3330832,2
4875,0.47223762,0.35702422,4.5242977,3
4876,0.5437098,0.3159411,3.8368237,4
4877,0.5643311,0.4661039,1.5639794,5
4878,0.43268868,0.8524289,4.0585384,6
4879,0.29944098,0.23545365,2.2643187,7
4880,0.64436245,0.6710611,1.4157652,8
4881,0.51411825,0.6709887,3.0137892,9
4882,0.24467945,0.13723865,1.4473563,10
4883,0.31329232,0.19572788,5.300091,11
4884,0.21334295,0.13125038,3.8530521,12
4885,0.4415583,0.120363005,4.0372353,13
4886,0.16308206,0.42772022,3.1030216,14
4887,0.19712666,0.004350087,3.6178052,15
4888,0.26030403,0.21581197,4.4672666,16
4889,0.68074805,0.4590897,4.2949004,17
4890,0.13483973,0.25178948,5.354744,18
4891,0.65952647,0.25752947,4.597811,19
4892,0.16078201,0.10568308,3.683894,20
4893,0.4195881,0.16683428,3.989894,21
4894,0.055480022,0.14985788,5.757671,22
4895,0.2414571,0.24062657,1.8894427,23
4896,0.616092,0.53499305,3.4922945,0
4897,0.064527325,0.90441537,1.7032108,1
4898,0.76372814,0.5203598,4.0265336,2
4899,0.313563,0.38541916,3.4081995,3
4900,0.81027126,0.2855749,5.0918226,4
4901,0.54592276,0.54447716,2.9229667,5
4902,0.25460714,0.7038304,2.2388377,6
4903,0.29220727,0.1868437,4.2459383,7
4904,0.74987143,0.79110944,1.3736348,8
4905,0.57731146,0.44778246,1.585722,9
4906,0.122770675,0.12344016,2.2118642,10
4907,0.4109976,0.24116413,5.033825,11
4908,0.0684316,0.21926896,4.4995914,12
4909,0.4311404,0.35948634,2.768499,13
4910,0.22665328,0.39720243,2.7978687,14
4911,0.18795592,0.16748963,1.5905435,15
4912,0.24733208,0.25649253,4.93064,16
4913,0.7813969,0.2701312,3.328207,17
4914,0.21407199,0.18399933,4.8082194,18
4915,0.7939669,0.2375862,2.9456472,19
4916,0.07447381,0.111916125,3.2211235,20
4917,0.6254475,0.17601588,4.1526685,21
4918,0.14848399,0.094589554,4.138431,22
4919,0.19647534,0.86952674,2.7928042,23
4920,0.66433746,0.36301842,2.9752853,0
4921,0.11303164,0.9484198,0.98086834,1
4922,0.8064762,0.4120935,4.2509766,2
4923,0.5526887,0.24007754,1.9876945,3
4924,0.58269393,0.31145266,3.6428788,4
4925,0.531272,0.3647405,2.4659896,5
4926,0.16455147,0.6601711,2.1494389,6
4927,0.15961938,0.3014303,2.7015977,7
4928,0.7360238,0.6281422,1.9697301,8
4929,0.40787482,0.828302,2.8276644,9
4930,0.2702133,0.006221723,4.702771,10
4931,0.45802465,0.27232122,4.129777,11
4932,0.19217457,0.0860819,3.391762,12
4933,0.3569982,0.19621702,4.8468714,13
4934,0.14272965,0.34090236,1.1509869,14
4935,0.05495956,0.038043085,3.3995252,15
4936,0.21092507,0.21564803,5.083952,16
4937,0.8479667,0.3819666,4.9287777,17
4938,0.24995066,0.2873608,3.6515574,18
4939,0.60142356,0.24678323,4.3697386,19
4940,0.12763852,0.14450213,3.4942336,20
4941,0.36989018,0.22712477,5.125055,21
4942,0.1251899,0.1734029,3.909526,22
4943,0.6223752,0.9294205,0.7163983,23
4944,0.7306044,0.32582486,4.1941705,0
4945,0.11518396,0.024414904,1.9469485,1
4946,0.49135885,0.59650743,4.483213,2
4947,0.25344077,0.43736434,3.5574784,3
4948,0.68964475,0.29904234,4.1198726,4
4949,0.67491734,0.67058456,2.3528929,5
4950,0.5347529,0.6811628,2.7202775,6
4951,0.32957566,0.2779304,3.6663952,7
4952,0.7554005,0.85120904,2.5262368,8
4953,0.46815336,0.6646791,1.9096743,9
4954,0.31449148,0.16944551,1.1097146,10
4955,0.44307745,0.27244678,4.9486623,11
4956,0.18477738,0.19810782,5.7185407,12
4957,0.48561773,0.13032019,2.7192883,13
4958,0.12800938,0.46790195,1.4875542,14
4959,0.19471925,0.11842418,3.0485458,15
4960,0.100276515,0.27353218,4.481205,16
4961,0.6567306,0.46074525,2.9224486,17
4962,0.22913589,0.1428692,4.5584555,18
4963,0.7472582,0.09313845,3.6764276,19
4964,0.14952254,0.38059688,3.0459232,20
4965,0.37339026,0.27606222,3.0056462,21
4966,0.15494533,0.1365347,2.6611056,22
4967,0.3131225,0.55939335,1.4490423,23
4968,0.7950973,0.24588092,1.9204481,0
4969,0.2049693,0.0113770645,2.0344784,1
4970,0.82121396,0.79048586,5.3365116,2
4971,0.31379846,0.25305733,4.652507,3
4972,0.7372179,0.23804611,4.7542934,4
4973,0.39966318,0.71139085,1.6340048,5
4974,0.71668345,0.25526437,2.6096802,6
4975,0.3563582,0.38652498,3.8397644,7
4976,0.7107041,0.82843983,1.7706733,8
4977,0.4213329,0.77608746,2.2149236,9
4978,0.47208405,0.24550985,1.8835891,10
4979,0.3091373,0.26841745,6.1388197,11
4980,0.061659064,0.13190801,4.8316026,12
4981,0.24879405,0.31652483,4.120571,13
4982,0.1680216,0.3250177,3.0921843,14
4983,0.0482934,0.05153209,4.635672,15
4984,0.14823891,0.276145,6.288642,16
4985,0.5125933,0.4135302,2.7062998,17
4986,0.15817428,0.25700647,5.462795,18
4987,0.5185813,0.23805796,2.0318365,19
4988,0.07179093,0.20633698,1.5676373,20
4989,0.33223635,0.30772653,4.90045,21
4990,0.27919084,0.1152162,3.8310215,22
4991,0.13574742,0.49412197,2.377663,23
4992,0.7851564,0.21038853,3.2764146,0
4993,0.17604026,0.73112845,3.2746816,1
4994,0.6626659,0.502357,4.036887,2
4995,0.4403735,0.5082613,2.8076007,3
4996,0.5613738,0.40146804,3.9003863,4
4997,0.7322904,0.69707996,1.3469617,5
4998,0.6396499,0.54056597,2.0918884,6
4999,0.5300174,0.32922614,2.8630524,7
5000,0.78859097,0.39981073,1.2745584,8
5001,0.43205604,0.62328064,2.4524126,9
5002,0.05851857,0.79234445,1.0162433,10
5003,0.50736153,0.31404412,5.9146714,11
5004,0.07606261,0.09010337,4.897994,12
5005,0.33885852,0.27171907,3.1147566,13
5006,0.1477626,0.19913927,2.359451,14
5007,0.16595192,0.7066673,2.0701818,15
5008,0.13420698,0.30314144,4.027764,16
5009,0.66346174,0.5554737,4.7214737,17
5010,0.20553583,0.123580515,6.9531198,18
5011,0.789023,0.2973253,3.3390381,19
5012,0.14465569,0.0327549,5.3990793,20
5013,0.38160983,0.3227449,3.764618,21
5014,0.07381898,0.32083824,2.2126923,22
5015,0.7217764,0.7893079,1.1184162,23
5016,0.5204255,0.42560127,4.6169825,0
5017,0.12630683,0.23682177,1.216356,1
5018,0.74252594,0.5416943,3.2473257,2
5019,0.34575483,0.2450363,3.595936,3
5020,0.6425288,0.31834581,3.392975,4
5021,0.533367,0.56987834,2.8378785,5
5022,0.5153649,0.5503221,2.1698048,6
5023,0.18246365,0.17033428,2.047694,7
5024,0.7894553,0.47294742,1.43373,8
5025,0.20838587,0.80143994,2.4618132,9
5026,0.2392104,0.57678306,1.6978831,10
5027,0.5540959,0.21836671,5.217802,11
5028,0.1356352,0.09900699,3.6522653,12
5029,0.33842134,0.15473135,2.324855,13
5030,0.21205974,0.4287582,4.122463,14
5031,0.16466172,0.26421103,3.5185032,15
5032,0.16402437,0.3493722,3.560209,16
5033,0.59444064,0.69705015,4.5509157,17
5034,0.25307396,0.2033363,4.7998004,18
5035,0.7255116,0.42262807,3.6598554,19
5036,0.10101867,0.26714212,2.3168573,20
5037,0.45939875,0.2104524,4.90354,21
5038,0.14841963,0.12320748,2.5947046,22
5039,0.1252326,0.62981975,2.0358813,23
5040,0.6739083,0.20385768,2.512627,0
5041,0.100242585,0.0118926205,3.2425795,1
5042,0.64592826,0.65569055,3.15029,2
5043,0.54689544,0.3953288,2.8350472,3
5044,0.6476898,0.2774616,4.0625644,4
5045,0.62981486,0.5686772,1.7293849,5
5046,0.49285507,0.7644491,3.7953188,6
5047,0.32634622,0.36165723,2.046608,7
5048,0.80865353,0.3669956,2.26097,8
5049,0.5181517,0.3935621,2.2497516,9
5050,0.031032339,0.23097976,2.9976063,10
5051,0.2824164,0.19835815,4.1847954,11
5052,0.060541835,0.08702885,5.686284,12
5053,0.48229694,0.2535566,2.8096194,13
5054,0.13454731,0.18099594,2.4732642,14
5055,0.1618652,0.05967495,3.6652157,15
5056,0.16780515,0.33782318,5.16671,16
5057,0.8318906,0.37000948,4.938325,17
5058,0.18743078,0.33042324,3.4327478,18
5059,0.6228791,0.39470616,4.396273,19
5060,0.110038236,0.41965425,1.8038557,20
5061,0.2525696,0.108562894,3.1473794,21
5062,0.14715461,0.14693184,3.5036066,22
5063,0.17674279,0.3980479,1.3477176,23
5064,0.6443048,0.59429896,3.6099288,0
5065,0.053526167,0.8410311,2.7255383,1
5066,0.6763872,0.76556766,3.3502123,2
5067,0.283013,0.37896928,2.765832,3
5068,0.76735514,0.5142664,5.967616,4
5069,0.4270342,0.37348607,3.5183716,5
5070,0.78690124,0.5794183,2.308846,6
5071,0.22298817,0.35657507,3.2914124,7
5072,0.80468094,0.75821275,1.7800688,8
5073,0.53562474,0.74705136,2.995459,9
5074,0.23084693,0.16465083,3.5230708,10
5075,0.3640466,0.26367608,4.334303,11
5076,0.06932469,0.15060724,5.8996363,12
5077,0.3100834,0.21278958,3.504047,13
5078,0.19619285,0.6825686,2.7551339,14
5079,0.13028593,0.05154322,3.2237365,15
5080,0.18496521,0.2910967,4.9371643,16
5081,0.4414149,0.6330545,4.1791844,17
5082,0.15010245,0.10107732,7.168195,18
5083,0.64171803,0.29881856,4.436647,19
5084,0.12815502,0.22637519,4.32896,20
5085,0.41967884,0.28681803,2.8537555,21
5086,0.13580056,0.16315879,2.8648317,22
5087,0.18152767,0.83477306,1.7147889,23
5088,0.5260292,0.35048488,3.4712384,0
5089,0.06024159,0.53830034,1.3401943,1
5090,0.5818244,0.72880936,4.3242717,2
5091,0.43172032,0.24012534,3.9249194,3
5092,0.73579633,0.28515577,3.6979747,4
5093,0.4286668,0.65397364,3.0125976,5
5094,0.4206957,0.3644847,1.9308667,6
5095,0.21740292,0.24594463,3.735344,7
5096,0.80737287,0.5576479,1.6694187,8
5097,0.3569679,0.8371246,1.8728528,9
5098,0.05527719,0.5752704,1.4623297,10
5099,0.2361382,0.36015984,4.8959107,11
5100,0.20504919,0.14076005,4.6581826,12
5101,0.39200574,0.24199356,3.973225,13
5102,0.19057362,0.35953403,2.9538667,14
5103,0.18581489,0.03309503,4.5336075,15
5104,0.37050056,0.30593798,4.5843077,16
5105,0.95314705,0.47685066,3.273113,17
5106,0.23403646,0.12938073,5.6334515,18
5107,0.71309847,0.75320214,5.0078564,19
5108,0.105619356,0.01407507,6.171175,20
5109,0.3950173,0.09451205,5.4072485,21
5110,0.10640827,0.11697113,3.4774446,22
5111,0.40041462,0.7017367,1.927758,23
5112,0.59003496,0.3227718,2.7675507,0
5113,0.20917135,0.097936615,1.7357736,1
5114,0.7976672,0.46460465,2.884646,2
5115,0.42138445,0.44069204,2.7787075,3
5116,0.47484753,0.301616,3.4418964,4
5117,0.49898782,0.59911317,1.5963005,5
5118,0.82704335,0.48081797,1.5817149,6
5119,0.36027244,0.1825564,2.9536781,7
5120,0.82253337,0.82721007,1.1357739,8
5121,0.27799642,0.53896105,1.7549942,9
5122,0.05798311,0.15888847,1.9462583,10
5123,0.365737,0.25058287,3.5041964,11
5124,0.10470033,0.09974583,5.140145,12
5125,0.39757505,0.178616,3.4520004,13
5126,0.10876666,0.41979948,1.892858,14
5127,0.05357534,0.9261254,0.88880324,15
5128,0.28212157,0.1596594,3.5978327,16
5129,0.89794415,0.37131667,1.8056865,17
5130,0.18753919,0.0586928,6.137148,18
5131,0.53525245,0.28597465,4.0471973,19
5132,0.10746357,0.15283926,1.8099275,20
5133,0.4253085,0.2505108,3.7200701,21
5134,0.122483246,0.27007002,3.5442235,22
5135,0.042099975,0.40623578,2.084021,23
5136,0.5912504,0.31425813,3.798306,0
5137,0.09138632,0.9666281,2.2914896,1
5138,0.66379684,0.7128794,4.656263,2
5139,0.3089371,0.29036963,3.6382756,3
5140,0.77409726,0.3946829,7.130595,4
5141,0.6397434,0.2798071,1.2574579,5
5142,0.30824053,0.5787868,1.4493737,6
5143,0.2618361,0.29256496,2.233758,7
5144,0.72274774,0.7545263,1.1805593,8
5145,0.34787047,0.61933815,2.3963032,9
5146,0.048672013,0.42698148,1.6666435,10
5147,0.25231394,0.23692365,3.9767842,11
5148,0.06952701,0.22717963,3.9156983,12
5149,0.37094694,0.18295358,3.5400665,13
5150,0.11321893,0.5255312,3.122568,14
5151,0.074672,0.9346479,0.9647901,15
5152,0.24561186,0.28871587,6.1491866,16
5153,0.6795304,0.50643647,4.168477,17
5154,0.24625565,0.059260767,6.652119,18
5155,0.8014406,0.2397106,2.4594138,19
5156,0.07977517,0.24464497,2.0002983,20
5157,0.5202584,0.14795025,4.264444,21
5158,0.10815793,0.13197276,3.312982,22
5159,0.34440666,0.7465527,1.0568041,23
5160,0.6718944,0.30595273,3.6561975,0
5161,0.1564351,0.5766446,2.4856973,1
5162,0.8503382,0.6332567,3.136589,2
5163,0.4309577,0.28711057,4.7518263,3
5164,0.6958347,0.23749961,5.865778,4
5165,0.42128524,0.63500714,4.576054,5
5166,0.486959,0.5544679,2.8832457,6
5167,0.35014597,0.318737,3.6575353,7
5168,0.7952569,0.86480546,1.8655592,8
5169,0.39843208,0.40471512,2.1117678,9
5170,0.19434816,0.43183124,1.1289666,10
5171,0.42455015,0.23524354,4.8158493,11
5172,0.18373579,0.09156255,4.2134194,12
5173,0.33980307,0.2938631,3.9956307,13
5174,0.12498602,0.3280673,4.65677,14
5175,0.055201128,0.06115998,4.5966125,15
5176,0.13864067,0.42112297,5.034237,16
5177,0.815869,0.4247915,4.1681566,17
5178,0.18574855,0.16759221,7.235756,18
5179,0.7918007,0.17368066,2.2123976,19
5180,0.07903365,0.40101913,0.80718607,20
5181,0.3745681,0.21681933,3.891961,21
5182,0.322384,0.21259777,2.5876303,22
5183,0.21924697,0.85096157,2.5752053,23
5184,0.9134525,0.3813826,4.1551585,0
5185,0.089761905,0.34729218,2.0931394,1
5186,0.68495655,0.6677746,3.6413736,2
5187,0.2628487,0.39160168,2.9171572,3
5188,0.7440823,0.35351267,5.0860887,4
5189,0.45104414,0.58679175,2.8104043,5
5190,0.48461884,0.8024944,3.3151188,6
5191,0.29324913,0.37280104,3.3303719,7
5192,0.78284687,0.7435237,2.5125585,8
5193,0.35464686,0.60170263,1.3241916,9
5194,0.1961011,0.07967632,4.8040366,10
5195,0.26241556,0.33710352,3.8954663,11
5196,0.062326718,0.12907784,4.6238627,12
5197,0.28607535,0.19812025,3.3791068,13
5198,0.13868767,0.46292672,2.6258657,14
5199,0.042439993,0.38426626,3.001088,15
5200,0.22025003,0.23573875,4.808662,16
5201,0.71300435,0.2745561,3.6125073,17
5202,0.17295769,0.07162172,6.78489,18
5203,0.51175463,0.307566,3.0556796,19
5204,0.057106085,0.30454537,1.2456796,20
5205,0.3725128,0.33226004,4.2219486,21
5206,0.17082752,0.106178775,4.2861896,22
5207,0.51247144,0.5708172,1.3241801,23
5208,0.68747056,0.25466794,2.5919805,0
5209,0.0409646,0.29327956,1.7753482,1
5210,0.5849985,0.6821202,4.315044,2
5211,0.43104792,0.31448463,3.6794007,3
5212,0.7660745,0.44946212,4.4405737,4
5213,0.50374705,0.58411574,2.2064095,5
5214,0.08885872,0.51094776,1.3756468,6
5215,0.32237688,0.32056034,3.8158133,7
5216,0.8308057,0.67170835,1.8451989,8
5217,0.49178684,0.77892053,2.0286336,9
5218,0.17280367,0.12872781,1.4402682,10
5219,0.32791266,0.14170788,4.34382,11
5220,0.1139649,0.13667658,5.5504484,12
5221,0.24362314,0.28603554,3.7806625,13
5222,0.16667323,0.40200385,3.2979755,14
5223,0.06924143,0.78196573,1.3973534,15
5224,0.20328264,0.27112153,5.4462857,16
5225,0.81884086,0.35840732,4.1683345,17
5226,0.14800099,0.22670272,5.5555253,18
5227,0.72367233,0.32862207,2.4122362,19
5228,0.14730452,0.44193077,1.6902847,20
5229,0.30822262,0.2229518,3.7739217,21
5230,0.092629515,0.19139819,3.959671,22
5231,0.051434424,0.46754956,2.58708,23
5232,0.62219226,0.42225,4.904484,0
5233,0.15087703,0.5872619,1.5118275,1
5234,0.6993011,0.8210088,2.9998097,2
5235,0.2131291,0.43234533,3.0185208,3
5236,0.6207132,0.33852974,4.086369,4
5237,0.46716285,0.5163901,2.9728656,5
5238,0.57977355,0.4909227,3.514749,6
5239,0.28111935,0.27655306,3.3209896,7
5240,0.7808444,0.67597854,1.4691811,8
5241,0.3162647,0.8856264,2.8568408,9
5242,0.119442455,0.28883657,1.8469963,10
5243,0.40606943,0.30601403,4.011988,11
5244,0.09549597,0.25667766,2.50907,12
5245,0.47154465,0.251817,2.8861136,13
5246,0.13644086,0.33521378,4.0530076,14
5247,0.09499692,0.25477657,2.8068254,15
5248,0.1906405,0.21305914,3.6169162,16
5249,0.8439245,0.46398565,4.359898,17
5250,0.21230687,0.17199269,4.747387,18
5251,0.71910703,0.12604353,1.7052348,19
5252,0.12404888,0.108409844,1.8024414,20
5253,0.34882343,0.1977177,3.387855,21
5254,0.14898509,0.28968114,3.2574239,22
5255,0.011004542,0.2477299,4.4662595,23
5256,0.7454228,0.2465119,3.5797172,0
5257,0.19090688,0.96681285,1.0472715,1
5258,0.73855215,0.4497938,4.735444,2
5259,0.66446435,0.4078296,3.6635365,3
5260,0.7340497,0.36177135,5.8156757,4
5261,0.5444435,0.6124501,3.173295,5
5262,0.52049726,0.556626,4.65244,6
5263,0.17901178,0.27883556,2.3894844,7
5264,0.8151348,0.68610626,0.94880545,8
5265,0.3444451,0.51980865,2.3983178,9
5266,0.0775454,0.2780669,1.7545223,10
5267,0.37214765,0.15934895,4.174122,11
5268,0.14848717,0.0619787,4.515754,12
5269,0.308373,0.12135263,3.3163648,13
5270,0.14237945,0.42986423,3.035289,14
5271,0.15217355,0.7802446,1.6232747,15
5272,0.13982838,0.24821815,4.063192,16
5273,0.8853261,0.639031,4.0116196,17
5274,0.1353019,0.23591752,2.0643384,18
5275,0.61557674,0.36241382,1.8607212,19
5276,0.13702196,0.40812716,1.4875965,20
5277,0.40675116,0.16037454,3.640267,21
5278,0.14051017,0.13107319,2.8695657,22
5279,0.17014256,0.5040731,2.2221842,23
5280,0.7990752,0.5165544,3.9752502,0
5281,0.14949952,0.39291906,1.613858,1
5282,0.6372819,0.64748186,4.4563766,2
5283,0.5493266,0.33250412,3.1081953,3
5284,0.39219862,0.34313473,3.4182658,4
5285,0.6312017,0.4931049,2.9084551,5
5286,0.6314988,0.44478652,1.4430451,6
5287,0.17727202,0.40065306,2.839862,7
5288,0.7100025,0.85845107,1.6993444,8
5289,0.22216515,0.821231,3.414055,9
5290,0.05539238,0.23753679,2.9752257,10
5291,0.39812043,0.21797556,4.7339144,11
5292,0.15804273,0.08384457,4.4725904,12
5293,0.29361543,0.39615715,3.2661123,13
5294,0.1472537,0.32237676,4.0776076,14
5295,0.17558278,0.009304965,7.024837,15
5296,0.21195163,0.26034606,4.1824884,16
5297,0.7722707,0.3707409,3.4028528,17
5298,0.23350482,0.21407104,6.668354,18
5299,0.68702954,0.11225427,3.8603058,19
5300,0.27827883,0.046048637,3.5964634,20
5301,0.3114262,0.31609386,4.013738,21
5302,0.11955843,0.18057704,3.9289756,22
5303,0.20801517,0.9114886,1.692014,23
5304,0.8842591,0.33618492,4.398385,0
5305,0.14612617,0.99159473,1.2320075,1
5306,0.644424,0.6669199,3.969582,2
5307,0.39831194,0.3031649,3.4443073,3
5308,0.8194261,0.33072463,4.3320107,4
5309,0.5524842,0.6253383,2.356803,5
5310,0.34514168,0.6674867,1.6947668,6
5311,0.39614588,0.24774839,3.8052769,7
5312,0.8157716,0.7373307,1.861694,8
5313,0.30132532,0.64554083,2.08556,9
5314,0.20120306,0.013588342,3.3545473,10
5315,0.38745588,0.3195124,3.7200916,11
5316,0.12628523,0.12434382,4.7130036,12
5317,0.41582853,0.25645602,3.582995,13
5318,0.15967293,0.36553052,2.6685116,14
5319,0.13566598,0.50604165,2.6199934,15
5320,0.15436687,0.2681934,4.936493,16
5321,0.7208879,0.6131594,2.7498603,17
5322,0.19800778,0.13477132,5.554858,18
5323,0.7132433,0.11123341,3.0114043,19
5324,0.08376027,0.087459125,3.4308374,20
5325,0.39386767,0.20000783,3.488318,21
5326,0.16482368,0.09327506,3.6755877,22
5327,0.0054376014,0.18215586,6.1851025,23
5328,0.77064437,0.2442054,3.4812145,0
5329,0.060240816,0.22558053,1.0797678,1
5330,0.85800076,0.56705105,3.0544755,2
5331,0.33247444,0.54036134,2.2405477,3
5332,0.61589354,0.21395056,4.88145,4
5333,0.7668808,0.78003407,2.2084057,5
5334,0.8348079,0.60709035,2.0758393,6
5335,0.35948396,0.31456444,2.4322295,7
5336,0.8702121,0.91529447,1.9802092,8
5337,0.3440813,0.8492409,3.0141592,9
5338,0.28541464,0.56421316,1.5386989,10
5339,0.23819974,0.3440943,3.9929805,11
5340,0.15507112,0.13089702,4.057389,12
5341,0.45970443,0.2147948,3.2021446,13
5342,0.22998543,0.37935257,2.9232917,14
5343,0.12318738,0.28941387,2.1426556,15
5344,0.2972211,0.312455,5.354743,16
5345,0.6602345,0.40724394,5.7574916,17
5346,0.20772333,0.19345655,5.786274,18
5347,0.50959915,0.3660445,3.1660602,19
5348,0.08029033,0.16561405,4.128236,20
5349,0.4086925,0.27201912,2.869736,21
5350,0.19264881,0.2236228,4.936943,22
5351,0.7089492,0.61707044,1.0468688,23
5352,0.810393,0.4037662,3.5742214,0
5353,0.17475155,0.1684831,1.760055,1
5354,0.83915526,0.6122214,4.1462975,2
5355,0.266412,0.49904138,3.1109593,3
5356,0.8046734,0.45929894,6.6713295,4
5357,0.449809,0.48901942,1.0013707,5
5358,0.48326328,0.7318364,2.5039663,6
5359,0.21463573,0.44775626,2.278605,7
5360,0.8402376,0.37620828,1.6396832,8
5361,0.43047068,0.5993804,2.6779664,9
5362,0.0749454,0.29890925,1.2220662,10
5363,0.24245866,0.19133204,3.0554464,11
5364,0.27531368,0.08590854,4.3075266,12
5365,0.40868104,0.22928189,2.5668006,13
5366,0.16232131,0.24549112,2.9507353,14
5367,0.1743642,0.082048014,3.1407561,15
5368,0.25520045,0.29950893,4.5522623,16
5369,0.72324055,0.45387292,3.3188314,17
5370,0.24437894,0.24543971,5.311366,18
5371,0.5635148,0.19708353,1.9624732,19
5372,0.14601654,0.36193958,2.0766118,20
5373,0.34050557,0.20970573,4.3228526,21
5374,0.118329726,0.07346851,4.6230965,22
5375,0.17903927,0.8811215,2.2542028,23
5376,0.6441404,0.25611383,3.3417747,0
5377,0.14253676,0.23408434,1.7345488,1
5378,0.7790019,0.61994755,4.6774154,2
5379,0.3884989,0.26852787,4.144277,3
5380,0.7188631,0.32547948,4.867737,4
5381,0.5005869,0.33428305,2.240818,5
5382,0.67731875,0.3072004,3.300297,6
5383,0.29574177,0.29020593,3.1072516,7
5384,0.6671491,0.26216745,1.7045736,8
5385,0.31144807,0.614141,2.4996207,9
5386,0.33240747,0.15903558,2.1999943,10
5387,0.34131503,0.2988963,4.373897,11
5388,0.2736482,0.11158487,3.9463215,12
5389,0.3933651,0.20845471,3.5134535,13
5390,0.11524478,0.55581075,2.7565405,14
5391,0.12886892,0.050318576,4.401904,15
5392,0.18591844,0.35814473,6.4088683,16
5393,0.771505,0.3721696,4.487943,17
5394,0.21213739,0.22822732,5.4156585,18
5395,0.8137075,0.47740352,2.9031043,19
5396,0.25910246,0.4112135,0.85942805,20
5397,0.54556435,0.22415973,4.2752137,21
5398,0.13250484,0.27663973,2.267637,22
5399,0.0925608,0.8615967,1.7324632,23
5400,0.6235059,0.2945237,3.9110086,0
5401,0.19917971,0.9953732,1.4175652,1
5402,0.8785681,0.6884913,3.515819,2
5403,0.35191745,0.27116218,3.7520685,3
5404,0.80368865,0.25513607,4.6608615,4
5405,0.59136087,0.6199242,1.8338574,5
5406,0.6735741,0.50890404,2.6779377,6
5407,0.27953282,0.337693,2.9970577,7
5408,0.8213499,0.8126879,1.9835855,8
5409,0.29644135,0.8796259,2.1852934,9
5410,0.25450584,0.052712545,2.8482058,10
5411,0.4209204,0.24293186,6.8444815,11
5412,0.22641337,0.10936133,3.4925456,12
5413,0.32439026,0.18278302,3.50728,13
5414,0.30558443,0.36507714,2.5126653,14
5415,0.13785699,0.017411694,4.160978,15
5416,0.13863933,0.26415402,4.304658,16
5417,0.7827177,0.5025714,3.3476467,17
5418,0.17606354,0.28031304,5.0040727,18
5419,0.6078123,0.32036653,2.7306304,19
5420,0.059987556,0.73086166,1.0142639,20
5421,0.49777773,0.22133605,5.023078,21
5422,0.10609872,0.23807709,1.9832532,22
5423,0.12899467,0.5621987,1.2195481,23
5424,0.8014998,0.41917956,3.7997656,0
5425,0.13905923,0.9840353,1.949327,1
5426,0.6860764,0.44187668,3.5628593,2
5427,0.39756128,0.3708237,3.4288118,3
5428,0.7038427,0.38236213,3.5848198,4
5429,0.6284008,0.6937429,1.2377814,5
5430,0.388015,0.49456245,4.133637,6
5431,0.33873937,0.4997657,3.8739352,7
5432,0.6864602,0.86691076,1.157918,8
5433,0.37047404,0.77637476,1.7436929,9
5434,0.11543695,0.4827755,2.663407,10
5435,0.50129163,0.32977933,6.7683687,11
5436,0.2647372,0.08148256,3.47594,12
5437,0.1886054,0.28749162,3.038583,13
5438,0.14580561,0.33971953,2.1847422,14
5439,0.20230807,0.27574432,3.1888094,15
5440,0.20804878,0.21346088,3.2479477,16
5441,0.78652143,0.43464595,4.5692005,17
5442,0.14717048,0.11927479,4.848469,18
5443,0.5960373,0.49599913,5.900021,19
5444,0.080018446,0.10043031,2.585197,20
5445,0.5452714,0.25135785,3.1988666,21
5446,0.090665385,0.06449156,6.2798266,22
5447,0.1148888,0.6219568,1.4521347,23
5448,0.26047516,0.32552305,3.9601266,0
5449,0.27341592,0.26312003,2.5785706,1
5450,0.823881,0.5934251,5.075834,2
5451,0.50041896,0.26660523,4.214202,3
5452,0.38407248,0.583901,5.6405888,4
5453,0.44327927,0.6390585,2.5014563,5
5454,0.12911734,0.7686949,2.8781962,6
5455,0.16457285,0.24174005,3.623811,7
5456,0.6114541,0.711367,1.7244607,8
5457,0.15172362,0.81577605,2.8988013,9
5458,0.06615263,0.29622883,2.5832918,10
5459,0.24736147,0.17665936,5.0628424,11
5460,0.041768268,0.17085892,4.5744944,12
5461,0.2924784,0.16967846,4.030376,13
5462,0.08095801,0.5833218,4.1400166,14
5463,0.12067793,0.34008074,2.3262148,15
5464,0.19035354,0.2594296,3.4445934,16
5465,0.66993016,0.34131664,5.167676,17
5466,0.15631045,0.13035068,6.3725214,18
5467,0.7394197,0.22596166,3.696251,19
5468,0.11797699,0.01642975,2.855806,20
5469,0.474699,0.22377536,3.7080004,21
5470,0.19489537,0.14354499,3.1731045,22
5471,0.09672566,0.25966114,3.0439386,23
5472,0.67334384,0.20695958,4.6382732,0
5473,0.07741122,0.9787685,1.5717981,1
5474,0.7131893,0.57436126,3.713988,2
5475,0.42724532,0.5349372,3.195057,3
5476,0.5989112,0.31960285,3.857466,4
5477,0.60489875,0.46785656,2.714082,5
5478,0.6566885,0.33854142,2.8057837,6
5479,0.22314346,0.24349445,2.7899573,7
5480,0.82413703,0.54057515,1.3987527,8
5481,0.379368,0.69408417,1.6428304,9
5482,0.17914331,0.37084484,1.7509347,10
5483,0.32027456,0.2297123,4.7988877,11
5484,0.15072002,0.10979937,5.127389,12
5485,0.29594362,0.22401701,2.6166224,13
5486,0.13409856,0.4201418,3.0100021,14
5487,0.0805326,0.65616095,2.0879374,15
5488,0.20097014,0.3648879,3.454778,16
5489,0.8150384,0.28178117,4.0418196,17
5490,0.2120805,0.16843733,6.5313764,18
5491,0.7884476,0.14961472,1.9473548,19
5492,0.13926026,0.15613079,1.5014957,20
5493,0.35480043,0.1340838,4.7362146,21
5494,0.23360541,0.10957949,2.8383756,22
5495,0.26163983,0.75907147,1.6923763,23
5496,0.74706477,0.45120794,3.8757877,0
5497,0.1208006,0.22036518,1.0853024,1
5498,0.8046017,0.71693563,3.1482167,2
5499,0.6273577,0.456256,4.222216,3
5500,0.8565261,0.4383114,6.247992,4
5501,0.2737897,0.6115019,2.247311,5
5502,0.49703872,0.4181684,2.1436393,6
5503,0.20588839,0.29554445,3.659779,7
5504,0.6331864,0.42400944,1.4432218,8
5505,0.3204056,0.5375087,3.272708,9
5506,0.14247176,0.35686162,2.0179906,10
5507,0.36715838,0.26821545,4.4857974,11
5508,0.168492,0.1972316,5.0863223,12
5509,0.46360797,0.19112019,3.5926747,13
5510,0.100047365,0.29389435,3.8203087,14
5511,0.16008171,0.7096481,1.7702605,15
5512,0.3293876,0.2539302,4.427943,16
5513,0.78421265,0.4361994,3.032572,17
5514,0.20855771,0.3155584,5.3115816,18
5515,0.83462507,0.1079382,1.8196179,19
5516,0.09100631,0.14647108,1.9081504,20
5517,0.3745876,0.3649832,4.14612,21
5518,0.14734368,0.121712714,3.1854796,22
5519,0.038714148,0.31981918,3.4074643,23
5520,0.76532316,0.21334653,2.4048915,0
5521,0.26016924,0.6215098,1.0429388,1
5522,0.80789906,0.7365257,4.484703,2
5523,0.23751657,0.14705136,3.6842923,3
5524,0.7846754,0.3502049,4.9889703,4
5525,0.45354733,0.6658652,2.1142428,5
5526,0.22694367,0.44014403,1.9185953,6
5527,0.16331495,0.47940788,2.5120976,7
5528,0.60554457,0.8298132,1.9169801,8
5529,0.5041867,0.50510114,2.1048303,9
5530,0.11142996,0.029383508,2.4988298,10
5531,0.47048357,0.14369671,2.6013515,11
5532,0.0934647,0.12594694,2.8594348,12
5533,0.39134017,0.120245956,3.2860227,13
5534,0.07882183,0.61119145,3.3239331,14
5535,0.064446695,0.013325317,4.61575,15
5536,0.31209904,0.22753507,6.1678295,16
5537,0.6133684,0.5433881,3.3723278,17
5538,0.19971052,0.12510672,6.5673647,18
5539,0.67740244,0.16328502,2.2564855,19
5540,0.25616312,0.05198039,4.749995,20
5541,0.45619327,0.15921374,3.8723993,21
5542,0.16096124,0.15099123,3.646474,22
5543,0.088169135,0.6084697,2.4515238,23
5544,0.804936,0.35284406,3.3380427,0
5545,0.246512,0.014772105,1.4998753,1
5546,0.81258,0.856893,4.4127584,2
5547,0.22440228,0.44762272,3.3844388,3
5548,0.44553715,0.27105123,4.135559,4
5549,0.5179961,0.6350975,1.8899382,5
5550,0.49613425,0.4154274,2.1682618,6
5551,0.32848415,0.24765024,3.067281,7
5552,0.83877665,0.8123649,1.8199338,8
5553,0.33525866,0.6801095,1.1647404,9
5554,0.22405508,0.009706349,2.6539555,10
5555,0.34642473,0.34319505,5.531728,11
5556,0.10310562,0.20801695,5.2003975,12
5557,0.28967518,0.17158557,3.0062504,13
5558,0.17257878,0.19453485,4.1525207,14
5559,0.10506944,0.053797096,5.112444,15
5560,0.15557215,0.22730842,3.734728,16
5561,0.689873,0.50368935,3.3305535,17
5562,0.18422,0.27201667,4.4119444,18
5563,0.64983034,0.24161261,3.5571399,19
5564,0.07680293,0.3540591,1.759912,20
5565,0.36431283,0.25944632,2.693852,21
5566,0.12011491,0.17805398,5.207991,22
5567,0.06980299,0.42300326,2.1857831,23
5568,0.72502905,0.27424577,2.7294397,0
5569,0.117335126,0.42849976,1.6705197,1
5570,0.8092189,0.6312864,3.781656,2
5571,0.31135926,0.41404197,4.7500763,3
5572,0.6566636,0.29020268,4.6280503,4
5573,0.41437766,0.578029,2.8605633,5
5574,0.63982064,0.48458838,4.7212524,6
5575,0.20914845,0.3206166,2.8347971,7
5576,0.85495096,0.7312813,1.3235902,8
5577,0.4452392,0.47477046,1.427115,9
5578,0.11690151,0.17218614,1.891664,10
5579,0.33222595,0.26459002,5.4643574,11
5580,0.23832083,0.13947764,4.6455793,12
5581,0.26096213,0.17729801,3.778044,13
5582,0.10353932,0.5591914,3.190693,14
5583,0.1064608,0.35433155,1.7103897,15
5584,0.20200303,0.37594238,7.0274262,16
5585,0.8882461,0.6301187,3.620888,17
5586,0.2923094,0.11476016,5.882754,18
5587,0.7207283,0.19913611,3.3684943,19
5588,0.19949096,0.1789283,2.3116894,20
5589,0.45676798,0.18339927,3.8067565,21
5590,0.10893463,0.2653044,1.6312714,22
5591,0.16694714,0.52995133,1.7514377,23
5592,0.7848366,0.24972981,2.526715,0
5593,0.10163552,0.004278188,1.9569514,1
5594,0.55613834,0.6605846,5.299997,2
5595,0.41958255,0.3012731,4.215611,3
5596,0.59971964,0.40090275,5.2373266,4
5597,0.49224696,0.43839365,2.4191666,5
5598,0.21750803,0.68976253,3.8988342,6
5599,0.22648124,0.23775417,4.171217,7
5600,0.73882467,0.75118226,1.8813076,8
5601,0.33861855,0.42799973,2.0141063,9
5602,0.17828055,0.069396764,2.5355926,10
5603,0.30564535,0.24905367,3.6530807,11
5604,0.119950466,0.09601508,3.7090406,12
5605,0.25655094,0.20873122,4.968537,13
5606,0.17142646,0.6049156,4.3793435,14
5607,0.10177229,0.14127937,4.572727,15
5608,0.14483877,0.47554746,6.986429,16
5609,0.7171903,0.27579132,3.701559,17
5610,0.14930779,0.14397158,6.5433626,18
5611,0.47175613,0.42394662,4.6695857,19
5612,0.07801884,0.1067401,2.6625767,20
5613,0.3905016,0.12085275,1.8599131,21
5614,0.11711616,0.1334039,4.93869,22
5615,0.016071288,0.28351787,2.8627741,23
5616,0.7125336,0.25666133,3.349399,0
5617,0.059460625,0.99683064,1.830411,1
5618,0.46728632,0.69159037,5.032098,2
5619,0.3891915,0.3749033,5.544957,3
5620,0.7984805,0.44729957,5.271346,4
5621,0.4368728,0.39788198,2.7307463,5
5622,0.78304446,0.38097587,1.5445458,6
5623,0.40044016,0.26959062,3.9186807,7
5624,0.5867981,0.49097842,1.9516575,8
5625,0.25827014,0.844614,3.57979,9
5626,0.026408149,0.80503476,0.99164784,10
5627,0.34618333,0.20263144,4.0783863,11
5628,0.2479961,0.2093478,4.628459,12
5629,0.34207296,0.16761023,3.9308248,13
5630,0.07298151,0.76995486,2.8150787,14
5631,0.35515225,0.024509622,4.787277,15
5632,0.14943823,0.37464014,4.2989845,16
5633,0.5670257,0.46036044,2.6801949,17
5634,0.29349044,0.06960037,6.44884,18
5635,0.61439455,0.24145007,2.651198,19
5636,0.25797564,0.04559451,3.779198,20
5637,0.50714666,0.32261494,3.5434442,21
5638,0.11479655,0.30812958,2.118167,22
5639,0.08157554,0.7182217,1.4187537,23
5640,0.7579089,0.32350203,3.4897594,0
5641,0.121277146,0.9741659,1.7346896,1
5642,0.56568414,0.7271406,3.751958,2
5643,0.2596304,0.43569726,5.289824,3
5644,0.859441,0.34242693,4.620399,4
5645,0.5626894,0.6835251,2.0512667,5
5646,0.34374893,0.44432062,2.2896507,6
5647,0.27897012,0.22859994,4.9858613,7
5648,0.7558632,0.28033262,1.5342575,8
5649,0.46145162,0.564091,3.1149669,9
5650,0.08368243,0.027894042,2.5801232,10
5651,0.32447067,0.30726865,5.0246663,11
5652,0.08984688,0.11196701,5.621879,12
5653,0.2806429,0.103559904,4.0459604,13
5654,0.17071669,0.25110316,2.2515318,14
5655,0.1511982,0.3228727,2.6736097,15
5656,0.26945007,0.2200757,2.9933379,16
5657,0.8756436,0.27546552,4.1193647,17
5658,0.17413278,0.2716269,2.7120879,18
5659,0.7440329,0.19679767,3.1916144,19
5660,0.17775327,0.31388572,2.5386543,20
5661,0.4193276,0.19825105,3.8350153,21
5662,0.10887373,0.16492859,5.2808084,22
5663,0.32466447,0.8539553,1.7219836,23
5664,0.76444733,0.50655174,3.0685225,0
5665,0.068023674,0.32030913,1.9410014,1
5666,0.697569,0.78550094,4.706458,2
5667,0.65002656,0.13225716,1.912971,3
5668,0.7995528,0.31486917,5.008416,4
5669,0.52256596,0.41153303,2.8054657,5
5670,0.79652345,0.5963923,2.6018655,6
5671,0.2553018,0.28190818,2.454699,7
5672,0.52911276,0.42700192,1.4591498,8
5673,0.27841598,0.5407527,2.350528,9
5674,0.12548128,0.58678544,1.1006215,10
5675,0.30728957,0.32939982,4.481618,11
5676,0.3727163,0.18422374,4.1988797,12
5677,0.40711215,0.2799814,3.4478216,13
5678,0.08599643,0.36083326,2.554197,14
5679,0.08338131,0.00045037418,8.419932,15
5680,0.16264988,0.24318504,3.4702106,16
5681,0.7730867,0.44604245,4.085428,17
5682,0.22177246,0.1687524,4.9059973,18
5683,0.42304012,0.22693075,3.8632176,19
5684,0.17676234,0.25323057,1.3759805,20
5685,0.41355217,0.20118214,4.150992,21
5686,0.15916868,0.17133616,2.8725023,22
5687,0.20925802,0.67588466,1.9590311,23
5688,0.71008474,0.36051857,4.9840436,0
5689,0.25955996,0.84201473,2.2568867,1
5690,0.7223125,0.7104856,3.2655687,2
5691,0.29893172,0.34410208,2.0361044,3
5692,0.71260244,0.31085223,4.1866894,4
5693,0.5175532,0.6538908,2.7051175,5
5694,0.78211987,0.31466407,2.0695665,6
5695,0.20838413,0.36581373,3.0273972,7
5696,0.7381736,0.92050844,2.6721845,8
5697,0.2534655,0.65144056,3.112505,9
5698,0.08169883,0.15888995,1.6823182,10
5699,0.4122692,0.1783597,6.8218846,11
5700,0.18024683,0.1329713,4.4120607,12
5701,0.30561942,0.325975,4.1447525,13
5702,0.16641964,0.20775335,3.4072936,14
5703,0.07041854,0.33499178,2.5196767,15
5704,0.18372248,0.42468977,6.537599,16
5705,0.83518565,0.4796954,4.947454,17
5706,0.22664936,0.09882502,5.978994,18
5707,0.7690332,0.69385004,3.0926518,19
5708,0.32900846,0.09680693,3.0039492,20
5709,0.4103692,0.2452345,2.5965548,21
5710,0.12193636,0.20820983,3.1511605,22
5711,0.06276712,0.7309053,2.5124102,23
5712,0.86498404,0.4108428,3.5980039,0
5713,0.2681273,0.46027038,1.652742,1
5714,0.6833126,0.5627142,4.083131,2
5715,0.33226675,0.34169018,4.352015,3
5716,0.6690911,0.42596942,3.932498,4
5717,0.43449703,0.544827,1.6069956,5
5718,0.5037385,0.5688102,3.5612009,6
5719,0.2424579,0.2009265,2.848573,7
5720,0.79638374,0.7537902,1.1575164,8
5721,0.4395578,0.5392329,2.8399897,9
5722,0.15944666,0.29608938,0.9576315,10
5723,0.5372391,0.23543571,5.3852363,11
5724,0.08900868,0.112416364,4.659797,12
5725,0.34920743,0.35243645,3.7321005,13
5726,0.1571147,0.35164607,3.5079927,14
5727,0.1213155,0.20354228,4.8217206,15
5728,0.17135996,0.31492198,4.596637,16
5729,0.93808734,0.38942108,4.2071915,17
5730,0.13445285,0.24351215,7.0024786,18
5731,0.60786027,0.7309786,4.018444,19
5732,0.30956087,0.36499473,3.10736,20
5733,0.5235286,0.16229886,4.4741855,21
5734,0.22257902,0.22563083,2.4618611,22
5735,0.34529108,0.72447747,1.7820785,23
5736,0.7517424,0.34073249,4.703749,0
5737,0.14778231,0.7541309,1.5062654,1
5738,0.6943471,0.68381715,5.8091,2
5739,0.5448012,0.28129646,5.611133,3
5740,0.37252775,0.4939935,4.308576,4
5741,0.50837433,0.66481763,3.2710266,5
5742,0.33158982,0.55396116,2.6526046,6
5743,0.21388327,0.34085715,4.8583784,7
5744,0.81417096,0.5094726,1.9128754,8
5745,0.35803026,0.24652533,1.0802059,9
5746,0.10355516,0.70779157,1.0116612,10
5747,0.4413657,0.21462579,4.804397,11
5748,0.14867978,0.12823455,4.011876,12
5749,0.23506357,0.23603055,3.2638643,13
5750,0.15935607,0.40527847,4.0921617,14
5751,0.22685476,0.10436595,3.2770562,15
5752,0.18437879,0.23973934,4.2868385,16
5753,0.7678461,0.41202694,2.8823123,17
5754,0.26462826,0.21899095,5.3631167,18
5755,0.79031724,0.2475306,2.5374606,19
5756,0.17810744,0.24274619,1.6573228,20
5757,0.40278348,0.27895665,3.2267456,21
5758,0.16560327,0.17396115,3.3891816,22
5759,0.082079336,0.59083456,2.6195395,23
5760,0.65826565,0.22406705,3.6807961,0
5761,0.1934417,0.94784755,1.9149137,1
5762,0.7832586,0.73407614,3.7851284,2
5763,0.38902426,0.30104747,5.543776,3
5764,0.5296538,0.39261067,4.4056334,4
5765,0.6182353,0.3626177,2.5379157,5
5766,0.4582714,0.41426644,1.5563024,6
5767,0.29508433,0.5204972,2.6536074,7
5768,0.8165068,0.7062265,1.6535769,8
5769,0.3787857,0.8873113,2.8535423,9
5770,0.07111407,0.75558335,1.7646747,10
5771,0.42630526,0.331412,5.5116158,11
5772,0.35735413,0.11791015,3.1562736,12
5773,0.4028267,0.22704859,4.2951756,13
5774,0.15063249,0.40954065,3.0732117,14
5775,0.086114936,0.76177424,1.1898352,15
5776,0.16609952,0.37517995,6.8650265,16
5777,0.6928428,0.4070695,4.287966,17
5778,0.19687113,0.14436188,6.693769,18
5779,0.69359165,0.39966947,3.892622,19
5780,0.08541775,0.043512877,4.077591,20
5781,0.4330919,0.20300387,3.7187276,21
5782,0.21925774,0.68585175,1.5270232,22
5783,0.037478875,0.47822446,3.5231864,23
5784,0.43152595,0.45497945,3.8003933,0
5785,0.07119138,0.86051744,2.2204387,1
5786,0.7079596,0.7556681,5.018454,2
5787,0.27190778,0.2946113,2.5487173,3
5788,0.43448153,0.3613783,5.395696,4
5789,0.76246095,0.59572554,1.4897372,5
5790,0.5041667,0.51995176,2.2624054,6
5791,0.29319084,0.3420243,2.2711256,7
5792,0.6882078,0.7252541,1.6231643,8
5793,0.3625426,0.6394777,1.7395172,9
5794,0.23424721,0.092447415,1.5917056,10
5795,0.32436967,0.33594343,5.991458,11
5796,0.12179234,0.12733437,4.965951,12
5797,0.2215739,0.20799597,3.0756128,13
5798,0.10041754,0.4409805,3.809146,14
5799,0.103634484,0.9154523,1.0507036,15
5800,0.27263775,0.3119572,6.01318,16
5801,0.5260329,0.6541717,5.5461264,17
5802,0.15878743,0.2352548,4.172118,18
5803,0.6156942,0.12024357,1.7390661,19
5804,0.14565532,0.3275784,3.0379512,20
5805,0.3794752,0.21772301,3.4087667,21
5806,0.09826565,0.1569797,4.582537,22
5807,0.21424201,0.840292,2.1650677,23
5808,0.88349646,0.37560967,4.815417,0
5809,0.090750106,0.40526545,2.5364182,1
5810,0.67734444,0.8069439,6.082997,2
5811,0.4260198,0.29290143,2.7178183,3
5812,0.42252147,0.29398984,4.6366673,4
5813,0.4681879,0.71528643,3.572596,5
5814,0.4210598,0.40801314,3.130109,6
5815,0.19204503,0.40396112,3.7150507,7
5816,0.6949952,0.6289894,1.5659475,8
5817,0.45355797,0.66899693,1.3203328,9
5818,0.081839725,0.0058542606,3.105786,10
5819,0.36686838,0.22258736,3.6297584,11
5820,0.057609122,0.15534241,5.0248485,12
5821,0.5048246,0.20761628,4.3628016,13
5822,0.15172571,0.4999423,2.9385803,14
5823,0.19908825,0.6712495,1.5095376,15
5824,0.27700865,0.40758157,7.7179117,16
5825,0.7289676,0.2911455,3.5979745,17
5826,0.18757051,0.08038325,5.2281423,18
5827,0.7348613,0.26796037,4.006049,19
5828,0.14918093,0.025511013,5.735482,20
5829,0.39173856,0.1682957,4.413211,21
5830,0.13215046,0.28758594,2.4120955,22
5831,0.22242402,0.76741105,3.0761669,23
5832,0.61823785,0.18748327,3.5762618,0
5833,0.1166709,0.5609158,1.3163805,1
5834,0.66070306,0.6932393,2.710525,2
5835,0.550549,0.42483175,3.3883083,3
5836,0.48553446,0.27281913,2.5661447,4
5837,0.50915074,0.5812761,1.8804913,5
5838,0.44210303,0.7216849,2.3401425,6
5839,0.4176995,0.5040675,3.39581,7
5840,0.5829979,0.66708666,1.7470734,8
5841,0.21510018,0.7763168,2.091799,9
5842,0.20917293,0.19561249,1.7887212,10
5843,0.25182742,0.3326086,4.8985705,11
5844,0.1971352,0.1387677,4.305028,12
5845,0.37278944,0.2798397,4.2639956,13
5846,0.1078899,0.4694579,2.5684748,14
5847,0.085236765,0.07648988,3.798047,15
5848,0.17919086,0.2992142,5.897262,16
5849,0.32403147,0.36613923,3.3513176,17
5850,0.19168496,0.18609628,3.2991962,18
5851,0.6785247,0.23213744,3.4447005,19
5852,0.09763603,0.35535222,1.4908766,20
5853,0.46105692,0.08763546,4.111664,21
5854,0.16114433,0.10501228,4.5840273,22
5855,0.12655316,0.6498198,3.3290222,23
5856,0.3077688,0.2617231,3.0472856,0
5857,0.06978719,0.89485246,1.620879,1
5858,0.69331867,0.72890264,3.9490795,2
5859,0.51857364,0.4137688,4.071281,3
5860,0.48835286,0.39246973,4.5484324,4
5861,0.5369139,0.5653325,1.9327095,5
5862,0.2837634,0.53366596,2.8097796,6
5863,0.1563613,0.32746956,4.6134086,7
5864,0.7448237,0.6543189,2.035227,8
5865,0.2776349,0.6176227,2.5036738,9
5866,0.1015943,0.01075357,3.7037735,10
5867,0.351352,0.26230186,4.430324,11
5868,0.103755705,0.1907187,6.147818,12
5869,0.4089275,0.20857222,4.467592,13
5870,0.08832968,0.43721414,3.6660647,14
5871,0.17920463,0.20838627,2.4419756,15
5872,0.15739909,0.288661,4.423863,16
5873,0.75354177,0.5329607,4.415229,17
5874,0.20916,0.15745848,6.7882557,18
5875,0.7639533,0.31546578,2.9591045,19
5876,0.17141508,0.30069914,1.6470455,20
5877,0.4905037,0.098812915,3.7143807,21
5878,0.16182885,0.18093514,2.3079734,22
5879,0.040112082,0.2994984,3.0033822,23
5880,0.8280601,0.26770267,2.789639,0
5881,0.079233564,0.96160287,2.5816483,1
5882,0.69886255,0.5562291,3.3958626,2
5883,0.3300245,0.21603988,2.9129958,3
5884,0.5509496,0.34460253,4.8123593,4
5885,0.6306857,0.75436145,2.7991965,5
5886,0.645131,0.5206087,3.3285973,6
5887,0.29412252,0.42849478,2.716938,7
5888,0.6448654,0.8236511,2.151635,8
5889,0.43920043,0.84453243,1.726062,9
5890,0.08911365,0.34491768,2.3674617,10
5891,0.4134968,0.31659493,5.2932143,11
5892,0.13831508,0.08625333,4.181503,12
5893,0.3090037,0.35513535,2.746729,13
5894,0.07546954,0.47760758,4.460386,14
5895,0.085731514,0.14114645,3.2781157,15
5896,0.119711906,0.24651605,5.0011578,16
5897,0.9000206,0.59303606,4.3292656,17
5898,0.19113192,0.1607394,3.9449897,18
5899,0.65294117,0.38648567,3.3643222,19
5900,0.141459,0.044064842,4.6105914,20
5901,0.42875892,0.19713557,4.6408877,21
5902,0.1653847,0.19372912,2.5216494,22
5903,0.018320335,0.1981139,3.2911613,23
5904,0.60047823,0.15398513,3.4895504,0
5905,0.094334245,0.98628044,4.2396154,1
5906,0.7541187,0.59040016,3.4671474,2
5907,0.43196037,0.19862844,3.6393,3
5908,0.7539467,0.44707978,5.0128436,4
5909,0.40942273,0.7432391,2.5636551,5
5910,0.58775806,0.59732175,1.9951799,6
5911,0.22038235,0.2599966,1.4252503,7
5912,0.68385667,0.43018565,2.4252696,8
5913,0.27716422,0.6364476,3.4463668,9
5914,0.09611659,0.4256919,2.3472123,10
5915,0.35047388,0.38344073,5.8759356,11
5916,0.050772976,0.25276187,4.5290055,12
5917,0.2742886,0.3210789,4.2132163,13
5918,0.19557972,0.5743428,5.0767946,14
5919,0.17696041,0.12475375,2.0375972,15
5920,0.2490433,0.27170986,5.326661,16
5921,0.52363396,0.63076407,4.08846,17
5922,0.10893727,0.33670086,4.9620047,18
5923,0.7501471,0.13085069,3.1144829,19
5924,0.20289469,0.13061863,3.8467412,20
5925,0.35047752,0.17913097,4.5514293,21
5926,0.19297394,0.14601745,2.8500576,22
5927,0.21416423,0.6158127,1.8913566,23
5928,0.5450266,0.47603193,2.8215063,0
5929,0.15026334,0.23382147,1.2651472,1
5930,0.6385774,0.5066271,5.6454287,2
5931,0.4066077,0.31329018,3.8072157,3
5932,0.646898,0.28187752,4.346628,4
5933,0.5265743,0.7079208,1.8317009,5
5934,0.43091542,0.75479615,3.005991,6
5935,0.20599687,0.5158026,4.44132,7
5936,0.86145127,0.5876779,1.3128453,8
5937,0.4063392,0.67152745,2.31202,9
5938,0.02371463,0.48393244,1.8162599,10
5939,0.35662663,0.21769145,5.0408006,11
5940,0.10498661,0.1583995,5.3609943,12
5941,0.24988781,0.2377144,3.1658146,13
5942,0.17177382,0.46436644,2.506082,14
5943,0.26396835,0.18973874,3.114836,15
5944,0.14416923,0.2797883,4.2742257,16
5945,0.72852,0.37434065,3.0555775,17
5946,0.22724698,0.13620819,5.4102607,18
5947,0.7668022,0.12117828,2.3788424,19
5948,0.26727736,0.15458739,2.5216708,20
5949,0.38010758,0.25058874,3.8772657,21
5950,0.09294768,0.11889761,4.495734,22
5951,0.026313074,0.42608413,2.1337345,23
5952,0.7632868,0.25756738,3.09577,0
5953,0.10730125,0.16913757,2.550264,1
5954,0.754801,0.66106516,3.720387,2
5955,0.27263495,0.40700707,3.7842515,3
5956,0.6690941,0.3714588,3.9662914,4
5957,0.50445366,0.47451225,2.0789716,5
5958,0.12866512,0.45852172,1.5973896,6
5959,0.24026465,0.34690934,2.8184624,7
5960,0.78872114,0.58406514,2.1798382,8
5961,0.25403172,0.8944531,2.8661761,9
5962,0.12291937,0.2786904,1.9707043,10
5963,0.37690187,0.3520309,5.361599,11
5964,0.1591927,0.2158034,5.3754644,12
5965,0.40503466,0.21756558,2.9464073,13
5966,0.11356438,0.39593384,3.1235104,14
5967,0.084187,0.2977467,2.8555264,15
5968,0.18655485,0.41017222,3.0489123,16
5969,0.8845879,0.40215865,2.2401776,17
5970,0.25454122,0.23529224,6.5825367,18
5971,0.60877025,0.3586054,4.599968,19
5972,0.12612909,0.17654528,5.917286,20
5973,0.36147586,0.23429479,3.8037417,21
5974,0.091390096,0.14281169,2.1412852,22
5975,0.048522238,0.56058943,3.668746,23
5976,0.75356543,0.23972651,3.3603492,0
5977,0.088386215,0.9878501,1.6675565,1
5978,0.6479991,0.72293586,3.479284,2
5979,0.26999432,0.27331778,3.7722616,3
5980,0.47618076,0.23267812,3.984015,4
5981,0.4664292,0.6204208,1.2482177,5
5982,0.5032461,0.62023205,2.5073993,6
5983,0.16726144,0.3404285,3.06036,7
5984,0.8408142,0.52170527,2.0788968,8
5985,0.3681025,0.7195574,2.6969383,9
5986,0.26164958,0.21853852,1.822495,10
5987,0.5180448,0.24870168,5.414968,11
5988,0.14310431,0.14231727,3.77431,12
5989,0.26666006,0.18077575,2.8484666,13
5990,0.26859328,0.42273647,2.2826328,14
5991,0.12585627,0.89039785,1.9179798,15
5992,0.29107374,0.25699487,4.183597,16
5993,0.7587054,0.5195707,5.1198297,17
5994,0.13770922,0.2851131,5.2185364,18
5995,0.8208621,0.31267732,3.0078995,19
5996,0.09174279,0.39306882,1.8408432,20
5997,0.514658,0.17655122,3.6485946,21
5998,0.09146841,0.11108757,4.0484385,22
5999,0.049547035,0.80559397,3.3529038,23
6000,0.5161231,0.42496583,4.5727434,0
6001,0.07632387,0.22617832,1.6204649,1
6002,0.7459735,0.606803,3.7010217,2
6003,0.6801762,0.44099027,3.8291855,3
6004,0.57247496,0.53367835,4.7625,4
6005,0.57107395,0.6496694,2.6734612,5
6006,0.7941489,0.45603114,2.1039853,6
6007,0.2353734,0.27196142,2.101336,7
6008,0.48158363,0.5013542,1.3386722,8
6009,0.26333815,0.65548813,1.3549967,9
6010,0.6490731,0.027018238,2.3033578,10
6011,0.48046094,0.20354904,3.4729435,11
6012,0.18750651,0.11127841,5.862427,12
6013,0.24492233,0.2250086,2.5402465,13
6014,0.09183595,0.295698,2.5455575,14
6015,0.117515326,0.05702864,3.3950794,15
6016,0.1869145,0.36018333,6.172642,16
6017,0.7265324,0.5489974,4.89953,17
6018,0.17198692,0.17954883,4.778491,18
6019,0.6274274,0.13242015,2.0304744,19
6020,0.085235655,0.10090116,4.3715677,20
6021,0.49964324,0.119775005,4.085428,21
6022,0.14721437,0.15992144,2.4161885,22
6023,0.015848946,0.20599194,3.028943,23
6024,0.29597902,0.40435576,3.7325273,0
6025,0.0751003,0.897435,1.3297846,1
6026,0.6154112,0.77560294,4.6608553,2
6027,0.35918185,0.5152417,4.7903895,3
6028,0.7494319,0.267757,6.4964094,4
6029,0.43668213,0.68402374,1.963166,5
6030,0.2560177,0.5241032,2.1311717,6
6031,0.161644,0.16133945,2.3790612,7
6032,0.7170759,0.7370012,1.5185667,8
6033,0.44419074,0.74790853,2.6281488,9
6034,0.045013256,0.029571032,4.851191,10
6035,0.565167,0.12349462,3.770847,11
6036,0.09975335,0.16445716,4.351028,12
6037,0.23088662,0.27062726,4.244027,13
6038,0.10274788,0.5145305,2.6579766,14
6039,0.11476468,0.02074715,3.248689,15
6040,0.23691091,0.20747235,4.922051,16
6041,0.7212954,0.27277923,3.3407454,17
6042,0.19070385,0.22394712,3.963575,18
6043,0.77063197,0.27669692,3.807645,19
6044,0.123469576,0.6787097,1.3827063,20
6045,0.5570096,0.15754893,2.2335033,21
6046,0.11222304,0.1462186,4.259988,22
6047,0.19632222,0.78891563,1.8572364,23
6048,0.55699426,0.4559275,2.710216,0
6049,0.086307414,0.76794875,1.2450712,1
6050,0.7291844,0.71459866,5.507513,2
6051,0.4360017,0.60728556,3.875515,3
6052,0.8174015,0.30739707,5.402179,4
6053,0.54913497,0.66339225,2.1632197,5
6054,0.60165197,0.4344242,1.5465606,6
6055,0.30963707,0.24092124,1.910774,7
6056,0.7167137,0.6756952,2.1000834,8
6057,0.30010995,0.67381173,3.400593,9
6058,0.049135778,0.46508542,1.7023375,10
6059,0.27832144,0.20570415,5.062802,11
6060,0.11921055,0.14705703,5.793887,12
6061,0.33414856,0.21800868,3.9149957,13
6062,0.1381239,0.5481962,2.3751662,14
6063,0.1213592,0.9106568,1.6602756,15
6064,0.1312589,0.27299914,5.3528695,16
6065,0.8058247,0.3193741,3.0829504,17
6066,0.12577935,0.22616036,7.139332,18
6067,0.6685079,0.13371143,1.8574189,19
6068,0.13193843,0.5915147,2.5081267,20
6069,0.34453496,0.15864497,4.5100822,21
6070,0.15041804,0.19988924,3.7285004,22
6071,0.024642354,0.2800388,2.9993129,23
6072,0.60134315,0.25201678,3.0071118,0
6073,0.09453552,0.1728255,1.5965385,1
6074,0.83388567,0.5079412,5.169759,2
6075,0.58491504,0.27616033,3.5306292,3
6076,0.6035967,0.43154818,3.550092,4
6077,0.55234593,0.2877359,3.2800002,5
6078,0.39230713,0.37913364,1.1861633,6
6079,0.2624463,0.34153596,2.897438,7
6080,0.5875276,0.8679743,2.4648945,8
6081,0.44201574,0.69102514,2.451335,9
6082,0.050875835,0.17830533,1.7101359,10
6083,0.25162998,0.25757954,5.8492017,11
6084,0.09076465,0.16572367,3.471931,12
6085,0.22826442,0.322819,4.0683084,13
6086,0.14494525,0.45005378,2.425746,14
6087,0.15146638,0.106781796,2.9400163,15
6088,0.27861246,0.26043904,4.900539,16
6089,0.586998,0.37229416,3.9805803,17
6090,0.19233671,0.15126634,6.80198,18
6091,0.7248103,0.12461836,2.3826962,19
6092,0.16002528,0.04439347,3.9902697,20
6093,0.25387597,0.18375863,3.5851634,21
6094,0.12903836,0.24991778,3.3485484,22
6095,0.22240472,0.8578367,2.5041337,23
6096,0.8781689,0.28501126,3.4043417,0
6097,0.10585393,0.06659325,2.3157568,1
6098,0.78763455,0.6657135,3.4401205,2
6099,0.43232203,0.2088634,2.5180182,3
6100,0.6833579,0.31152248,5.1492023,4
6101,0.36514577,0.40007165,2.556713,5
6102,0.5927068,0.48511884,2.0707443,6
6103,0.15938409,0.19274761,3.250421,7
6104,0.6577838,0.6918312,2.1775343,8
6105,0.3594665,0.8682625,1.7206912,9
6106,0.098961934,0.008161813,3.9709997,10
6107,0.40301332,0.2500212,5.5754976,11
6108,0.20838986,0.16411234,5.781004,12
6109,0.3062143,0.22285046,4.52522,13
6110,0.17584792,0.36573383,4.191025,14
6111,0.057144675,0.09400153,2.8956642,15
6112,0.19694753,0.28142223,5.660587,16
6113,0.92165685,0.36647847,4.4348607,17
6114,0.3136129,0.2160795,4.267345,18
6115,0.68072957,0.3654237,2.6340742,19
6116,0.10461057,0.42588556,1.1793189,20
6117,0.31703347,0.12430107,3.4812067,21
6118,0.18992032,0.4063593,3.0838346,22
6119,0.19518079,0.5637316,1.6378331,23
6120,0.77713454,0.36497718,3.784564,0
6121,0.2864527,0.28724632,1.3906313,1
6122,0.6381612,0.75795543,4.7182493,2
6123,0.35352492,0.34223473,4.251127,3
6124,0.7169958,0.36660853,5.097291,4
6125,0.20078178,0.5165152,2.1866426,5
6126,0.4152506,0.5677034,1.6702224,6
6127,0.24864158,0.42734987,2.8938391,7
6128,0.7949516,0.6162802,1.8654071,8
6129,0.4141616,0.62080586,3.030674,9
6130,0.028797526,0.401606,2.2029412,10
6131,0.34585598,0.27184433,6.0620394,11
6132,0.14604546,0.16213945,3.9276752,12
6133,0.3172778,0.24313515,3.502135,13
6134,0.15010712,0.26693368,3.559,14
6135,0.13372155,0.009918637,4.8385367,15
6136,0.1878042,0.3551581,6.12543,16
6137,0.68589556,0.50922626,3.8085673,17
6138,0.26455846,0.075810425,5.5845203,18
6139,0.6615565,0.17904072,2.842398,19
6140,0.091466844,0.42908445,2.1668315,20
6141,0.18847673,0.28843653,3.6061087,21
6142,0.16314694,0.11045558,4.131515,22
6143,0.65650624,0.89220893,0.74047416,23
6144,0.41769367,0.4365533,5.4417086,0
6145,0.09902271,0.024711614,1.7511355,1
6146,0.70337415,0.59504867,3.3100944,2
6147,0.35232544,0.3064454,2.398882,3
6148,0.4341972,0.32186145,3.6112895,4
6149,0.32612756,0.6780812,2.591906,5
6150,0.35176355,0.769552,2.01792,6
6151,0.40095297,0.23984018,2.2788334,7
6152,0.7049914,0.6020359,1.5743024,8
6153,0.42334908,0.59416616,3.268918,9
6154,0.017964704,0.8256953,1.8186996,10
6155,0.41713855,0.3629162,4.842606,11
6156,0.0432638,0.13763736,3.8373904,12
6157,0.39750448,0.100907706,3.5097468,13
6158,0.14790247,0.3750435,2.1102579,14
6159,0.08262727,0.506629,2.0613866,15
6160,0.18928751,0.24404132,5.770014,16
6161,0.6903221,0.6056272,4.0671153,17
6162,0.26261202,0.108040996,6.065617,18
6163,0.7959812,0.14745595,2.1547155,19
6164,0.071325935,0.13765545,3.3668027,20
6165,0.384981,0.42749587,4.833857,21
6166,0.08862849,0.19328706,2.8992758,22
6167,0.060588125,0.42268085,1.658774,23
6168,0.7001757,0.30503753,3.8461528,0
6169,0.16430035,0.9899582,2.8287249,1
6170,0.72886443,0.6162324,3.800739,2
6171,0.5532091,0.27264774,3.662366,3
6172,0.74741375,0.328875,4.9302692,4
6173,0.42205644,0.4605183,2.2875736,5
6174,0.7119214,0.6222735,2.1178763,6
6175,0.27596986,0.3522661,3.1671154,7
6176,0.555317,0.45384905,1.2537597,8
6177,0.3576414,0.37259462,1.4000604,9
6178,0.31064293,0.2159941,2.4456785,10
6179,0.36160025,0.36099654,6.2739277,11
6180,0.08702457,0.1111097,5.938216,12
6181,0.33665335,0.19319054,3.3967,13
6182,0.1371984,0.31126237,2.8069854,14
6183,0.075048305,0.5423723,1.6502172,15
6184,0.25987187,0.1926445,2.9495907,16
6185,0.8815684,0.63951963,4.9708433,17
6186,0.21424271,0.07364876,7.166644,18
6187,0.46657002,0.37986717,4.2913566,19
6188,0.12629978,0.4201981,3.0523953,20
6189,0.48633885,0.19025947,3.5641103,21
6190,0.16262208,0.13092183,2.9117446,22
6191,0.16452351,0.8426046,2.7553663,23
6192,0.68736345,0.30431753,3.9481306,0
6193,0.2652266,0.06512948,1.706183,1
6194,0.75379604,0.683745,3.7605958,2
6195,0.48824552,0.3246338,3.6043394,3
6196,0.73131824,0.25347856,5.0808296,4
6197,0.73004913,0.5385087,1.3252897,5
6198,0.50046474,0.5431568,1.9776154,6
6199,0.22735348,0.2801182,2.615378,7
6200,0.6388257,0.75009096,1.6688766,8
6201,0.38017327,0.5203305,2.4627151,9
6202,0.06904115,0.010016237,3.163042,10
6203,0.3069776,0.28302005,4.2173095,11
6204,0.08702717,0.18335044,3.846475,12
6205,0.29818738,0.19317356,3.8386307,13
6206,0.14976655,0.30738404,3.7644548,14
6207,0.12033295,0.7605813,2.0479198,15
6208,0.1690819,0.29310447,5.440914,16
6209,0.7494297,0.4342671,4.1432605,17
6210,0.19677906,0.16399938,6.573491,18
6211,0.8024672,0.3525289,2.328977,19
6212,0.086408325,0.4937318,1.318743,20
6213,0.35848913,0.27576628,2.8761363,21
6214,0.1640756,0.13823837,4.369064,22
6215,0.0777915,0.59905005,3.238937,23
6216,0.5765662,0.18067853,2.7904992,0
6217,0.31514272,0.99725014,1.6350342,1
6218,0.87865704,0.8000281,4.847041,2
6219,0.42865708,0.47655603,4.9033957,3
6220,0.85614955,0.35540944,3.432766,4
6221,0.43652922,0.6080649,1.1711249,5
6222,0.6811264,0.5890606,1.9410591,6
6223,0.21346262,0.28881487,2.7806733,7
6224,0.5792205,0.7563864,1.7458792,8
6225,0.2781943,0.65333456,2.3738074,9
6226,0.16892833,0.7320408,1.7092286,10
6227,0.3416877,0.28972167,4.4215384,11
6228,0.1570889,0.21048452,3.6424878,12
6229,0.34264207,0.17985553,4.6063547,13
6230,0.1719896,0.24350718,3.0792603,14
6231,0.080073625,0.44840816,1.9679636,15
6232,0.22646877,0.2506333,2.846944,16
6233,0.6711978,0.2700416,3.1584787,17
6234,0.25138584,0.15035573,5.614383,18
6235,0.6750611,0.17432925,1.4880166,19
6236,0.15091947,0.30517802,1.9387053,20
6237,0.40111148,0.16811655,4.917614,21
6238,0.16939053,0.15494311,2.5864568,22
6239,0.13543405,0.77920705,1.8956645,23
6240,0.6734953,0.2891065,4.129519,0
6241,0.12402259,0.1823433,1.9833302,1
6242,0.5489407,0.7159299,4.08649,2
6243,0.44436714,0.34971857,3.0802119,3
6244,0.7971197,0.23990065,2.6704051,4
6245,0.5167641,0.2976757,3.1652136,5
6246,0.3683918,0.79350245,3.4852502,6
6247,0.2284927,0.26643145,3.086113,7
6248,0.7619439,0.6035703,1.7615166,8
6249,0.37626755,0.7333817,2.0951722,9
6250,0.16797607,0.20108967,2.8837945,10
6251,0.3063195,0.3585355,4.026354,11
6252,0.103109635,0.12603703,6.6433697,12
6253,0.49914435,0.36126623,3.518722,13
6254,0.14851704,0.6140026,2.9736316,14
6255,0.1152137,0.022764035,3.0747886,15
6256,0.16154283,0.45029795,4.840937,16
6257,0.45444903,0.24122019,4.317972,17
6258,0.29582518,0.13232073,3.8708303,18
6259,0.6102844,0.2061162,2.4239018,19
6260,0.052391827,0.062698804,4.8913007,20
6261,0.36738458,0.16250226,4.302395,21
6262,0.23945126,0.23168734,1.8320621,22
6263,0.20949297,0.90052605,1.7322013,23
6264,0.5238143,0.49013263,3.0414252,0
6265,0.13612874,0.9997974,2.005406,1
6266,0.6600539,0.57405937,4.446965,2
6267,0.23738243,0.25975809,2.9587693,3
6268,0.66212255,0.29962906,3.7927606,4
6269,0.36094388,0.79059696,2.6083515,5
6270,0.5479115,0.4921688,2.4086637,6
6271,0.18261246,0.23948433,2.9812994,7
6272,0.5996976,0.7814731,1.9872646,8
6273,0.22058436,0.6410975,1.2341493,9
6274,0.26867795,0.21411727,2.3565311,10
6275,0.4592383,0.2537647,5.7691045,11
6276,0.1213318,0.18393558,4.16241,12
6277,0.16787603,0.19500938,4.077623,13
6278,0.14606117,0.21662685,2.3853755,14
6279,0.16905859,0.01895276,2.9334126,15
6280,0.23833255,0.29757524,6.8757653,16
6281,0.64128697,0.51484585,4.023761,17
6282,0.17263778,0.16991015,5.200441,18
6283,0.6218718,0.15562226,3.5896297,19
6284,0.12874871,0.09635051,2.9942586,20
6285,0.4663892,0.25726515,3.693008,21
6286,0.1557963,0.2693208,2.238389,22
6287,0.23676218,0.7569169,1.7887506,23
6288,0.7602904,0.56248426,5.2723837,0
6289,0.056346864,0.5710722,1.293136,1
6290,0.7496325,0.62040585,4.292677,2
6291,0.3492619,0.28782502,3.7226973,3
6292,0.56427115,0.28029537,4.268235,4
6293,0.5737563,0.40572178,1.7914308,5
6294,0.7986147,0.36538458,3.1815538,6
6295,0.154874,0.33983737,1.9170159,7
6296,0.80712914,0.588928,2.2548213,8
6297,0.14173865,0.77086127,3.4100854,9
6298,0.012745584,0.54373544,3.0170412,10
6299,0.35039705,0.31456387,5.795635,11
6300,0.14654872,0.07457935,4.9196978,12
6301,0.22145638,0.1944018,4.381371,13
6302,0.16719721,0.6799586,3.9858863,14
6303,0.06231206,0.008788861,5.371079,15
6304,0.24936059,0.32781515,5.892295,16
6305,0.56074715,0.63243455,3.4544897,17
6306,0.18167882,0.16876006,7.3123083,18
6307,0.6318265,0.3829532,3.0903854,19
6308,0.14268205,0.034472533,4.9923353,20
6309,0.30313957,0.25984877,3.8110456,21
6310,0.12749368,0.11616658,6.2537107,22
6311,0.14366826,0.74636877,1.4286906,23
6312,0.60686505,0.23661499,3.4350944,0
6313,0.1157428,0.975416,1.5682267,1
6314,0.86628014,0.5887733,2.2981265,2
6315,0.28122655,0.22653183,3.6370726,3
6316,0.7629825,0.33935997,4.3770113,4
6317,0.44247168,0.48747453,3.53861,5
6318,0.53059715,0.7603286,2.6959321,6
6319,0.20786077,0.35519093,2.1511037,7
6320,0.724779,0.49666604,0.97000647,8
6321,0.3967404,0.6565642,2.6227782,9
6322,0.1344455,0.66614574,1.125391,10
6323,0.3914168,0.23824158,4.1138587,11
6324,0.15898077,0.0950575,5.7552376,12
6325,0.452329,0.11812178,3.1195142,13
6326,0.13638304,0.47749177,3.7262354,14
6327,0.16197793,0.43241987,2.8072047,15
6328,0.34033918,0.25011396,4.977071,16
6329,0.82706094,0.22204134,1.7350862,17
6330,0.24113472,0.3221896,5.4239345,18
6331,0.8323845,0.29401273,3.6048212,19
6332,0.10503127,0.0350552,6.2094927,20
6333,0.41991627,0.12179415,2.6684964,21
6334,0.078782775,0.11020795,3.6623776,22
6335,0.027418107,0.31392944,3.1393669,23
6336,0.37577045,0.44301388,3.956088,0
6337,0.1533961,0.28207412,1.3330448,1
6338,0.74246126,0.7693486,5.8859596,2
6339,0.33787152,0.33257812,2.2327151,3
6340,0.73450524,0.29357216,5.892699,4
6341,0.45733187,0.5392771,2.0758543,5
6342,0.6573815,0.52840495,2.3133996,6
6343,0.22066295,0.14362043,4.3536406,7
6344,0.8158153,0.59549093,1.6115527,8
6345,0.2838534,0.74150765,2.130325,9
6346,0.07135685,0.054128524,2.4819374,10
6347,0.39249253,0.24926451,4.076919,11
6348,0.11490944,0.119102634,3.9287045,12
6349,0.32374576,0.18359464,3.403331,13
6350,0.12699941,0.5569302,3.2637742,14
6351,0.123038135,0.08720152,1.9434342,15
6352,0.23750123,0.3370555,5.248856,16
6353,0.86339235,0.49729624,3.4476998,17
6354,0.19057539,0.11328839,7.228625,18
6355,0.5989443,0.4857739,3.998306,19
6356,0.15417512,0.038168997,4.4999304,20
6357,0.6055084,0.18263562,4.9020567,21
6358,0.09737943,0.112866715,5.407034,22
6359,0.08575546,0.6630063,1.0251117,23
6360,0.40993387,0.233464,3.6539302,0
6361,0.4026652,0.16979238,1.4101007,1
6362,0.50735253,0.6732189,4.576737,2
6363,0.33855164,0.3984162,2.9398882,3
6364,0.44544032,0.4892986,4.8518996,4
6365,0.47536778,0.44869703,3.3622427,5
6366,0.40863487,0.80210835,2.493882,6
6367,0.13530648,0.21837133,2.309499,7
6368,0.61611474,0.84075576,1.9291021,8
6369,0.29270113,0.6317956,1.8551185,9
6370,0.12140994,0.18504564,1.8565096,10
6371,0.48170707,0.22301184,3.9939559,11
6372,0.049431495,0.2011833,3.166861,12
6373,0.46218237,0.13548943,3.4474435,13
6374,0.15423843,0.33525926,2.4810438,14
6375,0.2833049,0.0022069204,6.5517,15
6376,0.23810785,0.25175297,4.5023994,16
6377,0.70539767,0.56076103,5.9151273,17
6378,0.17677356,0.091764845,7.0412827,18
6379,0.6626485,0.5314635,3.3928988,19
6380,0.07404338,0.3031177,2.7938337,20
6381,0.32253483,0.28486982,3.527328,21
6382,0.09647692,0.05520483,6.340764,22
6383,0.24180059,0.57145363,1.8009006,23
6384,0.6600087,0.41059563,2.845228,0
6385,0.10572841,0.9565714,1.0289669,1
6386,0.75028867,0.67611563,5.194884,2
6387,0.39791125,0.40041637,3.052155,3
6388,0.78850424,0.3636533,3.4606597,4
6389,0.6773165,0.6737818,1.5680733,5
6390,0.551927,0.5283474,2.4932752,6
6391,0.24496143,0.2974004,2.281083,7
6392,0.6763707,0.79842055,2.1000187,8
6393,0.4645759,0.83480114,1.8721824,9
6394,0.08166615,0.010861391,3.007634,10
6395,0.35442618,0.2258832,5.0711794,11
6396,0.073661745,0.21375112,4.0295267,12
6397,0.45077223,0.15439251,4.0237417,13
6398,0.09810704,0.2898763,2.057875,14
6399,0.1273323,0.2605589,2.1628525,15
6400,0.3098425,0.31178296,4.980608,16
6401,0.6852776,0.46776462,5.287424,17
6402,0.15784213,0.36018,5.1811724,18
6403,0.4657892,0.12482553,1.9217072,19
6404,0.08055368,0.51838726,0.92922795,20
6405,0.44840953,0.19949566,4.4785657,21
6406,0.12238486,0.14495008,4.856549,22
6407,0.03354519,0.25609955,4.0420527,23
6408,0.6846245,0.5106901,4.0370045,0
6409,0.08834081,0.0655634,2.4297729,1
6410,0.8190567,0.8824469,6.3905306,2
6411,0.48389465,0.23543414,3.3028612,3
6412,0.43678018,0.28484172,5.2936416,4
6413,0.69312495,0.2815443,1.4895929,5
6414,0.55218303,0.6676891,1.1623826,6
6415,0.36995506,0.36576423,3.3595762,7
6416,0.5232765,0.59102076,1.9590518,8
6417,0.28908673,0.7664594,3.4843545,9
6418,0.14465103,0.002366151,4.4820194,10
6419,0.44005826,0.35104266,5.2507896,11
6420,0.12935425,0.23726335,4.8590775,12
6421,0.38323477,0.1935873,3.536626,13
6422,0.2513959,0.31482884,4.635147,14
6423,0.06812893,0.43934166,2.428959,15
6424,0.16706695,0.26237774,5.5467787,16
6425,0.8363733,0.410304,2.6878152,17
6426,0.2126823,0.14065371,5.4945574,18
6427,0.41072097,0.2642362,3.045883,19
6428,0.10972245,0.21234311,1.7456534,20
6429,0.44702718,0.24138512,5.040462,21
6430,0.19327727,0.19865596,2.575401,22
6431,0.06250965,0.1848317,3.4285922,23
6432,0.76778406,0.23456806,3.338537,0
6433,0.18024002,0.94874245,1.9198303,1
6434,0.86270696,0.7379745,5.032203,2
6435,0.6903346,0.4130203,3.5038815,3
6436,0.4710484,0.17144455,2.9947705,4
6437,0.33518496,0.756668,2.0448656,5
6438,0.7017085,0.5456479,2.2886982,6
6439,0.17936079,0.36874923,3.02945,7
6440,0.74005914,0.6111197,1.5817522,8
6441,0.21630564,0.80853945,3.8232737,9
6442,0.026329719,0.4305459,2.531424,10
6443,0.42867127,0.31230187,5.1297755,11
6444,0.1286534,0.24768122,4.5316753,12
6445,0.33696723,0.24007395,3.747841,13
6446,0.19528517,0.5517848,2.4087846,14
6447,0.06799378,0.5949459,1.4869546,15
6448,0.22171973,0.23135193,5.714988,16
6449,0.6137072,0.5288235,4.0114684,17
6450,0.17841472,0.19464535,4.8442183,18
6451,0.55546904,0.13872088,3.0751297,19
6452,0.16332804,0.065617375,2.8920913,20
6453,0.37639585,0.1368491,3.4780846,21
6454,0.108525656,0.1428486,4.1790957,22
6455,0.049443662,0.42474094,2.6488278,23
6456,0.8089323,0.29976863,4.0862775,0
6457,0.19001088,0.51378024,1.5757762,1
6458,0.7687038,0.459907,4.8460836,2
6459,0.39650905,0.39186504,3.3665495,3
6460,0.7136544,0.45545083,4.8440175,4
6461,0.4458047,0.6621189,3.1989014,5
6462,0.68128043,0.5868653,3.6459608,6
6463,0.22864234,0.2927834,3.1786137,7
6464,0.60412776,0.8425619,1.5572419,8
6465,0.22529444,0.60336536,1.0017333,9
6466,0.07833511,0.41096434,1.2437806,10
6467,0.37491366,0.27678743,5.24026,11
6468,0.17187735,0.16182253,4.97542,12
6469,0.38220683,0.20667526,4.1792846,13
6470,0.11970863,0.306567,2.455148,14
6471,0.11035316,0.0071133147,3.9645288,15
6472,0.21209924,0.14376035,2.5189552,16
6473,0.6041544,0.49300283,5.1806517,17
6474,0.21208026,0.17793006,4.2135234,18
6475,0.6238303,0.28497523,2.4534662,19
6476,0.14414945,0.22086206,2.6830616,20
6477,0.39851153,0.18866007,2.800715,21
6478,0.14690048,0.10089446,5.0450683,22
6479,0.47435942,0.71177065,1.7047833,23
6480,0.5958595,0.2191087,2.620188,0
6481,0.14810273,0.40724164,1.4481463,1
6482,0.7615932,0.740072,4.151352,2
6483,0.27116624,0.46406326,3.264217,3
6484,0.62719434,0.28567395,4.019533,4
6485,0.42462346,0.47649094,1.5720044,5
6486,0.48078442,0.65360326,3.0544207,6
6487,0.28471324,0.30644158,4.0337424,7
6488,0.6758904,0.6559966,1.2548709,8
6489,0.3206829,0.7908964,2.796557,9
6490,0.14794683,0.5467225,1.594496,10
6491,0.48759365,0.26698783,3.8593564,11
6492,0.12504247,0.13717058,5.302866,12
6493,0.45760658,0.1905729,4.436644,13
6494,0.19951975,0.23346967,1.3104959,14
6495,0.18910863,0.7269576,2.6383517,15
6496,0.2506234,0.2980455,3.9235985,16
6497,0.8115852,0.61613876,3.6893935,17
6498,0.20947874,0.14380108,2.994574,18
6499,0.6630993,0.32015187,3.7223623,19
6500,0.20277949,0.07697207,2.281308,20
6501,0.42330226,0.22529347,5.06927,21
6502,0.20872068,0.09919959,2.944833,22
6503,0.7718716,0.5737549,0.76484776,23
6504,0.5421765,0.4378261,4.6973286,0
6505,0.10160282,0.7508018,1.6720047,1
6506,0.5690886,0.58849615,4.690296,2
6507,0.3266192,0.19140458,2.868693,3
6508,0.68596596,0.26272884,4.502726,4
6509,0.5101782,0.5195198,2.8533487,5
6510,0.47815162,0.7138328,2.7259974,6
6511,0.4013773,0.3935639,2.3074176,7
6512,0.60559803,0.64273626,1.2737486,8
6513,0.46572918,0.62409556,3.5284615,9
6514,0.46832994,0.0127278725,2.4013314,10
6515,0.31988811,0.34068072,4.3650284,11
6516,0.17262036,0.21849883,3.5269358,12
6517,0.22224756,0.21858235,3.8016562,13
6518,0.15140323,0.43125454,3.4285731,14
6519,0.16178411,0.29830956,2.1077218,15
6520,0.39783296,0.29918635,4.461942,16
6521,0.69563556,0.5990864,2.968378,17
6522,0.20566109,0.25089756,5.764132,18
6523,0.588518,0.17752703,4.0072117,19
6524,0.2016821,0.06264345,3.8787816,20
6525,0.2819239,0.1823735,3.0327628,21
6526,0.19438325,0.22744747,3.5328171,22
6527,0.034474384,0.37389454,3.5421696,23
6528,0.89266795,0.26396894,3.4703014,0
6529,0.15286458,0.9105915,1.8917979,1
6530,0.6516592,0.6881483,4.6704392,2
6531,0.5687289,0.309202,3.5122833,3
6532,0.8169845,0.31851894,5.2537403,4
6533,0.6709694,0.6256464,1.7242053,5
6534,0.5573397,0.46598765,2.3581862,6
6535,0.39978465,0.39303222,2.8868942,7
6536,0.7423494,0.34406933,1.798928,8
6537,0.312588,0.6820693,2.3383307,9
6538,0.21438836,0.8244257,1.3265297,10
6539,0.43969867,0.36194706,4.677835,11
6540,0.0946455,0.23708871,4.788891,12
6541,0.30626592,0.19676194,3.1796858,13
6542,0.17788124,0.20910487,2.3178303,14
6543,0.15383115,0.080239534,3.2593284,15
6544,0.15677024,0.27797735,5.0474043,16
6545,0.8355549,0.6470611,4.6048584,17
6546,0.21949024,0.09863994,4.8100657,18
6547,0.8636328,0.54987514,3.2650833,19
6548,0.15976658,0.46328065,1.6064233,20
6549,0.43067285,0.18204732,4.0108414,21
6550,0.10862405,0.22540392,2.044702,22
6551,0.13610087,0.5320599,2.160322,23
6552,0.53689647,0.20029722,3.9684439,0
6553,0.20525454,0.61182064,2.181125,1
6554,0.6625381,0.69523686,4.4285183,2
6555,0.28531843,0.43161133,5.561574,3
6556,0.6592898,0.24028563,6.5731583,4
6557,0.6546167,0.7163563,2.4871054,5
6558,0.27616286,0.50521326,2.4484553,6
6559,0.37482393,0.28866568,3.0121808,7
6560,0.645263,0.8443445,1.136734,8
6561,0.15860435,0.5661775,1.5327504,9
6562,0.19348578,0.052735098,2.5023036,10
6563,0.43708032,0.2824574,4.2054043,11
6564,0.16483544,0.1497553,4.0459256,12
6565,0.38180956,0.30919826,3.1877155,13
6566,0.12710895,0.32544994,2.661223,14
6567,0.07116076,0.24431106,2.3619194,15
6568,0.15499456,0.25237796,4.7701387,16
6569,0.9185938,0.48156595,5.23896,17
6570,0.15211254,0.23305985,5.5503664,18
6571,0.85399026,0.2225069,3.5864606,19
6572,0.14249173,0.21400034,3.6362767,20
6573,0.39471084,0.055972796,3.4711215,21
6574,0.12578614,0.3345702,1.7664284,22
6575,0.24446753,0.44962603,1.6483371,23
6576,0.71374154,0.17338288,1.824337,0
6577,0.16854621,0.55553734,2.3632839,1
6578,0.5215649,0.7126096,6.9490714,2
6579,0.2310141,0.46800438,4.6138744,3
6580,0.5862093,0.43869656,5.1572986,4
6581,0.5127359,0.44935662,1.5366781,5
6582,0.5336144,0.5395789,2.9453719,6
6583,0.29621875,0.32457718,2.3748603,7
6584,0.53857565,0.49922633,2.2550495,8
6585,0.24576189,0.68309295,3.7463439,9
6586,0.2046519,0.15316589,2.6731548,10
6587,0.4633783,0.212394,4.5773606,11
6588,0.14200039,0.13072899,3.799713,12
6589,0.28710994,0.26044938,3.4357069,13
6590,0.115264714,0.52079934,4.8724065,14
6591,0.23676413,0.0048030717,5.5931735,15
6592,0.1484892,0.36688805,6.0532026,16
6593,0.7170335,0.6213526,3.472359,17
6594,0.16090478,0.20604342,4.494643,18
6595,0.5539306,0.2667968,1.6661053,19
6596,0.14023495,0.21298788,2.372936,20
6597,0.5349158,0.15429193,3.2603617,21
6598,0.079477206,0.15511043,3.9940536,22
6599,0.5210429,0.8200661,0.71981275,23
6600,0.5916221,0.2467539,3.5669281,0
6601,0.10182125,0.7086785,2.034288,1
6602,0.86142176,0.64082026,4.9176655,2
6603,0.45304576,0.27856964,2.8385305,3
6604,0.669017,0.28815883,3.466853,4
6605,0.6693243,0.8285934,1.2867497,5
6606,0.4326487,0.621175,3.016316,6
6607,0.2813941,0.32820275,3.356441,7
6608,0.7093105,0.49367228,2.1237698,8
6609,0.4109094,0.63219464,1.7402421,9
6610,0.12651911,0.28375652,1.8628488,10
6611,0.35258132,0.34393924,6.0766525,11
6612,0.08313636,0.17491157,3.0183723,12
6613,0.33244857,0.16549222,3.2639205,13
6614,0.12926513,0.37800327,2.5428934,14
6615,0.19266306,0.008488328,7.149448,15
6616,0.21077763,0.24767435,3.6430063,16
6617,0.8019102,0.36873716,3.8403955,17
6618,0.25649726,0.16846967,3.515975,18
6619,0.68459076,0.24847926,2.22764,19
6620,0.0938933,0.49482957,1.1145804,20
6621,0.2791156,0.36797306,4.336445,21
6622,0.14800742,0.15136608,4.2217875,22
6623,0.06134949,0.6208856,2.4847398,23
6624,0.67742324,0.33224618,4.66771,0
6625,0.12745646,0.04772972,2.1640255,1
6626,0.598166,0.6487922,4.0049334,2
6627,0.19239227,0.34041274,2.8350902,3
6628,0.61476797,0.20973966,3.755652,4
6629,0.34057763,0.56758827,1.9079864,5
6630,0.7112744,0.7483838,3.861617,6
6631,0.27598387,0.36360735,2.9924555,7
6632,0.5399776,0.6233832,1.4892358,8
6633,0.44513753,0.56737465,1.9199307,9
6634,0.09214194,0.14893954,1.8986684,10
6635,0.2919804,0.3394018,5.7944493,11
6636,0.20832923,0.19060472,3.23318,12
6637,0.40018702,0.20149966,3.9976575,13
6638,0.17750771,0.22053064,3.7596717,14
6639,0.11217349,0.1482989,4.1856313,15
6640,0.13734525,0.36243725,5.371566,16
6641,0.71496546,0.6309296,4.451844,17
6642,0.20965526,0.1301443,8.055405,18
6643,0.6551753,0.12866822,2.868767,19
6644,0.14532393,0.54356986,0.7685843,20
6645,0.4764313,0.12912346,4.4601655,21
6646,0.11994121,0.1446101,3.9323056,22
6647,0.107491836,0.8996707,1.4901578,23
6648,0.6148929,0.3003699,4.32279,0
6649,0.061579544,0.83216774,1.7348086,1
6650,0.7694122,0.7439113,3.681979,2
6651,0.5585365,0.41116926,4.3877993,3
6652,0.74649787,0.17000636,5.199744,4
6653,0.63181067,0.5340533,2.1740494,5
6654,0.24958554,0.51994073,3.5687156,6
6655,0.24663736,0.3826181,3.3771145,7
6656,0.647952,0.7821796,3.8326716,8
6657,0.33822638,0.55074596,2.5298233,9
6658,0.27041665,0.3094763,1.6070545,10
6659,0.5209715,0.26458627,5.1211014,11
6660,0.063649476,0.14780304,5.1954484,12
6661,0.44352648,0.11594031,5.1826434,13
6662,0.23244631,0.41863164,2.9954062,14
6663,0.19293971,0.16732746,2.3707952,15
6664,0.15835749,0.2543945,4.984463,16
6665,0.8510765,0.47507316,2.9422476,17
6666,0.12353696,0.25431612,4.2926574,18
6667,0.7040361,0.43327093,3.8186164,19
6668,0.15805942,0.12698951,2.435521,20
6669,0.46095842,0.280932,2.5856602,21
6670,0.19454034,0.20087913,3.1984293,22
6671,0.12162767,0.34938037,1.1515213,23
6672,0.48133913,0.3757403,3.259518,0
6673,0.12437904,0.021542605,2.0748277,1
6674,0.7912762,0.6724672,4.0944643,2
6675,0.26528862,0.34817,3.2160015,3
6676,0.7568125,0.3959592,5.0271244,4
6677,0.41123107,0.73278356,2.3382196,5
6678,0.41585496,0.623665,2.7600121,6
6679,0.21445665,0.31420806,1.9395635,7
6680,0.82455623,0.81696486,1.3480209,8
6681,0.38561696,0.58759993,2.8526008,9
6682,0.26538575,0.031703208,3.2248795,10
6683,0.27793565,0.34299344,4.993759,11
6684,0.07659529,0.11754834,6.168253,12
6685,0.19114868,0.16174199,3.8715184,13
6686,0.10620609,0.51478076,1.8104806,14
6687,0.065323256,0.75457084,1.7834558,15
6688,0.10573375,0.2852443,4.5927014,16
6689,0.5368544,0.42236406,4.5218105,17
6690,0.17244208,0.15876636,4.6454363,18
6691,0.735975,0.3160524,3.1934571,19
6692,0.13204905,0.048760373,5.8608046,20
6693,0.43744957,0.15137352,3.7521687,21
6694,0.20640785,0.08079859,3.955541,22
6695,0.23760733,0.5711993,1.9174352,23
6696,0.70688516,0.41300136,3.5550165,0
6697,0.13021834,0.7807858,1.8104349,1
6698,0.55942124,0.7633178,3.5901203,2
6699,0.2995403,0.33652937,4.5807285,3
6700,0.74392146,0.2547093,2.7107916,4
6701,0.6097116,0.6027859,1.6705095,5
6702,0.5150693,0.60457826,2.6110814,6
6703,0.24057275,0.33479363,3.6583707,7
6704,0.48907936,0.7460769,1.8502607,8
6705,0.2501027,0.68078744,2.5837383,9
6706,0.1019804,0.7562885,2.2313154,10
6707,0.4023287,0.34003392,5.749511,11
6708,0.18204737,0.11528974,5.8411007,12
6709,0.3502432,0.17111129,4.4200144,13
6710,0.1144207,0.554112,3.4235363,14
6711,0.21110184,0.699992,1.4515303,15
6712,0.12663697,0.487764,5.4078727,16
6713,0.77052575,0.47023645,2.7660542,17
6714,0.20585087,0.17365772,6.730306,18
6715,0.830607,0.17778826,2.1357467,19
6716,0.14983007,0.26963365,2.6322842,20
6717,0.42089587,0.12217164,3.3680105,21
6718,0.110363215,0.28778142,4.0667553,22
6719,0.041984268,0.38758877,1.6159755,23
6720,0.6590087,0.4005521,3.797965,0
6721,0.12326997,0.053913962,1.911245,1
6722,0.6593416,0.7512894,5.408744,2
6723,0.4215452,0.37588328,2.3687596,3
6724,0.5409187,0.5064278,5.3747253,4
6725,0.4913744,0.50033015,1.6307905,5
6726,0.71850145,0.6742444,2.868361,6
6727,0.2869418,0.4255479,1.9385288,7
6728,0.8114041,0.8683906,1.6336555,8
6729,0.32891968,0.7176149,3.220148,9
6730,0.06456565,0.2956615,2.1002402,10
6731,0.45173103,0.23904395,5.387633,11
6732,0.21919811,0.13408118,4.7501783,12
6733,0.4160727,0.20757926,4.5946245,13
6734,0.20635845,0.38279748,2.9970622,14
6735,0.10195597,0.3508627,3.4053757,15
6736,0.28922328,0.1344543,4.5382805,16
6737,0.71709925,0.4429745,4.030309,17
6738,0.13531917,0.19298607,6.1057215,18
6739,0.6028773,0.13307345,1.8339887,19
6740,0.09524849,0.11798682,3.9305525,20
6741,0.34338087,0.14012821,3.0181227,21
6742,0.13566701,0.13076271,4.0130305,22
6743,0.07441325,0.4066114,2.2726135,23
6744,0.6461477,0.40239283,3.0376043,0
6745,0.13042638,0.16253506,2.2546322,1
6746,0.70921427,0.4594065,4.960981,2
6747,0.4800681,0.43602484,4.1004953,3
6748,0.7059306,0.21999712,3.0726714,4
6749,0.48137522,0.44840145,2.0146134,5
6750,0.4912182,0.6373744,3.5557666,6
6751,0.29344913,0.27852204,3.2898464,7
6752,0.61980116,0.79475373,2.090455,8
6753,0.31119162,0.7677761,3.6733136,9
6754,0.31893662,0.043990966,2.109262,10
6755,0.4838571,0.24187733,4.3154063,11
6756,0.12431855,0.13472006,6.264266,12
6757,0.21082896,0.33131647,3.3557675,13
6758,0.19735298,0.4748978,2.75064,14
6759,0.08421307,0.018055951,2.9364142,15
6760,0.19427498,0.23793247,3.7265143,16
6761,0.66281146,0.30508146,5.5065036,17
6762,0.17303921,0.21783002,5.227812,18
6763,0.63923514,0.15211135,3.3120666,19
6764,0.18271992,0.13048309,1.8199306,20
6765,0.3115457,0.11599215,3.6529894,21
6766,0.2908427,0.24882333,2.862399,22
6767,0.110671625,0.5772694,1.6011317,23
6768,0.59656423,0.28100184,4.765376,0
6769,0.114366665,0.09465114,1.2141111,1
6770,0.6957821,0.79333925,4.160642,2
6771,0.39511663,0.30150953,3.1705375,3
6772,0.3589042,0.37091613,3.4048202,4
6773,0.51696885,0.47006357,1.9242773,5
6774,0.18846175,0.69571495,1.7786556,6
6775,0.21855909,0.32258078,3.3637996,7
6776,0.5695038,0.8484901,1.0384109,8
6777,0.32041615,0.83056617,3.288993,9
6778,0.3344826,0.46005824,1.0436821,10
6779,0.37960303,0.319768,5.9085445,11
6780,0.06133923,0.17700045,5.1748953,12
6781,0.23583554,0.23559323,3.6578438,13
6782,0.13520898,0.34726402,1.7969897,14
6783,0.07262509,0.0029665865,6.6715884,15
6784,0.12706922,0.3878889,6.50107,16
6785,0.25454345,0.540474,4.0158052,17
6786,0.32154584,0.107000664,4.992655,18
6787,0.57493293,0.5644461,4.0326157,19
6788,0.064274296,0.10077372,3.071042,20
6789,0.5409073,0.24930629,4.664832,21
6790,0.113026425,0.25582525,2.461371,22
6791,0.073797196,0.60863537,2.8887134,23
6792,0.51843584,0.31153336,3.85177,0
6793,0.2645712,0.9984516,1.2111909,1
6794,0.70276326,0.55627996,4.436891,2
6795,0.29208937,0.4701814,2.4820118,3
6796,0.61448205,0.27823472,5.009194,4
6797,0.37645835,0.6161193,1.8467247,5
6798,0.7622814,0.60466504,1.9921331,6
6799,0.25822923,0.24508639,2.0436604,7
6800,0.69172186,0.80974245,2.2261305,8
6801,0.4755382,0.61020136,2.4219494,9
6802,0.15011306,0.032696184,2.8340254,10
6803,0.488244,0.19012411,4.7574334,11
6804,0.13817188,0.2024273,4.3468914,12
6805,0.33801267,0.24507605,4.493197,13
6806,0.1538448,0.31535652,2.345874,14
6807,0.06846236,0.39057195,2.4538288,15
6808,0.11263269,0.24602164,5.6514263,16
6809,0.6119654,0.4352675,5.6444483,17
6810,0.26385492,0.14995842,4.8021617,18
6811,0.7588892,0.27157718,3.0412574,19
6812,0.16200131,0.29646027,1.7910233,20
6813,0.5261136,0.16348349,4.1059127,21
6814,0.15289691,0.15964037,3.2210662,22
6815,0.25277582,0.9404137,1.3363853,23
6816,0.86426115,0.281389,2.8504438,0
6817,0.13496967,0.11543427,1.9483304,1
6818,0.66821367,0.75250876,6.420446,2
6819,0.38087532,0.3179274,4.4563527,3
6820,0.6321218,0.3829922,5.0283413,4
6821,0.5886631,0.27661157,2.324862,5
6822,0.33662257,0.55559206,2.7354107,6
6823,0.3911382,0.44102547,2.9623356,7
6824,0.8693995,0.6892292,1.905108,8
6825,0.34578013,0.6953302,1.7022097,9
6826,0.12099312,0.27598733,2.1994538,10
6827,0.3899638,0.295621,4.745167,11
6828,0.101954356,0.1298649,3.3612778,12
6829,0.30449724,0.18691401,3.9287066,13
6830,0.16117723,0.44712648,3.173769,14
6831,0.18155508,0.050782472,3.7042856,15
6832,0.21342908,0.35382393,5.515304,16
6833,0.8178723,0.45743382,3.6705217,17
6834,0.15570745,0.102712765,6.717324,18
6835,0.85730124,0.095322855,1.7859077,19
6836,0.08988557,0.29836985,1.5507863,20
6837,0.575096,0.21249738,3.9091015,21
6838,0.1197851,0.05902864,5.8781176,22
6839,0.11380517,0.870948,1.9518745,23
6840,0.5675548,0.23719457,3.0281618,0
6841,0.09549199,0.9801327,1.9109356,1
6842,0.8407331,0.5348753,3.723899,2
6843,0.52540237,0.2999471,4.2228346,3
6844,0.79023093,0.3262131,4.7175636,4
6845,0.55807066,0.6519866,2.661387,5
6846,0.7366623,0.33565775,2.4631517,6
6847,0.18221596,0.2837387,4.4155607,7
6848,0.64451385,0.8721546,2.117571,8
6849,0.30732527,0.49455252,2.7025409,9
6850,0.119067445,0.080048405,1.5490006,10
6851,0.45454657,0.27369466,4.930765,11
6852,0.20179895,0.10965136,5.352272,12
6853,0.3919763,0.23231098,2.7093697,13
6854,0.15856494,0.21567534,3.411865,14
6855,0.24750973,0.061793163,2.507671,15
6856,0.28147453,0.3587388,5.7705398,16
6857,0.8247931,0.49466103,2.4213524,17
6858,0.18864773,0.20954613,4.244027,18
6859,0.7747391,0.5110578,3.5643754,19
6860,0.06374423,0.2536896,1.5791361,20
6861,0.25389615,0.15455452,2.5108993,21
6862,0.12669346,0.13081174,3.9297688,22
6863,0.08963098,0.79762805,1.679672,23
6864,0.68286544,0.382466,3.842517,0
6865,0.09988129,0.2387329,1.3775055,1
6866,0.62196773,0.45543262,3.1851606,2
6867,0.2628359,0.2779837,4.496543,3
6868,0.5984879,0.33932456,5.3890347,4
6869,0.7469125,0.43394876,1.168835,5
6870,0.6788106,0.64479476,2.3734024,6
6871,0.30593327,0.16460562,3.1423762,7
6872,0.6972272,0.6904514,2.0952287,8
6873,0.34961212,0.63403845,1.8765478,9
6874,0.16675846,0.076548055,1.6214384,10
6875,0.3370119,0.2593319,4.213475,11
6876,0.18414555,0.18075947,3.9287515,12
6877,0.32843697,0.09871182,3.8744006,13
6878,0.15887395,0.4207562,2.6849837,14
6879,0.16102627,0.86697024,1.2857348,15
6880,0.19191329,0.30245337,5.2324147,16
6881,0.32633832,0.35941932,3.0737855,17
6882,0.26266766,0.085158385,6.2924385,18
6883,0.7481957,0.18872617,3.1988015,19
6884,0.099651806,0.09027265,3.2092252,20
6885,0.37036303,0.15108249,2.2580817,21
6886,0.123716176,0.11855718,4.1291447,22
6887,0.4581066,0.7209545,0.9044314,23
6888,0.54144984,0.15903682,3.9835432,0
6889,0.08603466,0.45769268,2.304884,1
6890,0.6783948,0.5919634,3.5887027,2
6891,0.55118245,0.18580732,4.3176703,3
6892,0.55509716,0.3368163,4.2556777,4
6893,0.5325505,0.2939728,2.71874,5
6894,0.41656622,0.5633581,2.1787379,6
6895,0.22276565,0.28966656,2.9943256,7
6896,0.87149423,0.8067921,1.4216411,8
6897,0.4027947,0.80690926,2.6378033,9
6898,0.302452,0.009374289,1.3606929,10
6899,0.306553,0.28583246,4.6258307,11
6900,0.09342058,0.14534734,4.6565523,12
6901,0.24567908,0.20387948,3.0091166,13
6902,0.10722202,0.5347337,2.626368,14
6903,0.14299881,0.9461559,1.3601226,15
6904,0.17034246,0.30493706,4.6925383,16
6905,0.61873513,0.55943406,3.2643123,17
6906,0.18155067,0.2513203,4.2585526,18
6907,0.5382801,0.26919964,3.6752107,19
6908,0.06141766,0.11043972,1.6455377,20
6909,0.457495,0.1640759,3.5854049,21
6910,0.2756731,0.12106199,4.637781,22
6911,0.15946904,0.93919647,2.964032,23
6912,0.82997173,0.21116357,3.5367522,0
6913,0.10827248,0.924755,1.5259697,1
6914,0.8345506,0.5288761,3.0117881,2
6915,0.6630248,0.3027659,3.148565,3
6916,0.63934374,0.27060443,5.6588984,4
6917,0.3479534,0.50570583,1.9586598,5
6918,0.58296645,0.37096953,2.5826933,6
6919,0.13965636,0.19539028,3.9921138,7
6920,0.9063761,0.5834837,1.4566777,8
6921,0.31900463,0.70619047,2.4048328,9
6922,0.041880805,0.061159316,3.9183898,10
6923,0.592322,0.21232562,5.8066063,11
6924,0.12513925,0.14585653,5.536635,12
6925,0.4026652,0.2678304,2.137722,13
6926,0.12623043,0.38520193,3.8905845,14
6927,0.12673604,0.48477632,2.5685728,15
6928,0.16876191,0.27393436,4.205126,16
6929,0.8044377,0.52844286,4.516142,17
6930,0.19382706,0.15655302,6.7233763,18
6931,0.49337485,0.18949956,2.9708338,19
6932,0.046991143,0.23237723,2.3217034,20
6933,0.52682555,0.19541778,3.9734545,21
6934,0.15796104,0.14611632,3.9357762,22
6935,0.010213387,0.19823842,2.4885466,23
6936,0.6592896,0.3373737,4.339212,0
6937,0.19380134,0.34690365,1.5343664,1
6938,0.6200112,0.69108117,2.8677833,2
6939,0.4190612,0.24772689,4.605723,3
6940,0.59823406,0.42927787,6.493948,4
6941,0.5105582,0.45419636,1.268141,5
6942,0.6058055,0.5984706,2.5688176,6
6943,0.14196385,0.22867389,3.4955642,7
6944,0.7673162,0.7833579,1.7064965,8
6945,0.3590236,0.5590266,1.9415238,9
6946,0.23679225,0.2434304,3.6985106,10
6947,0.19967212,0.37902558,4.4137254,11
6948,0.08532227,0.24374038,3.556249,12
6949,0.48884788,0.24118888,3.318541,13
6950,0.17057246,0.2845293,2.2623518,14
6951,0.13659084,0.38793045,2.0656972,15
6952,0.17903131,0.2265451,3.1014082,16
6953,0.86420804,0.48814505,3.3848164,17
6954,0.159985,0.09016166,6.6711717,18
6955,0.70903844,0.26000774,3.5680676,19
6956,0.20230792,0.21712586,2.28333,20
6957,0.3687509,0.42166734,3.676711,21
6958,0.13508125,0.34631747,2.1509483,22
6959,0.06631403,0.34077936,2.2836404,23
6960,0.5937021,0.539398,4.090287,0
6961,0.22230849,0.9844141,2.4126897,1
6962,0.7279544,0.36219183,4.471781,2
6963,0.25583857,0.36766747,3.5344682,3
6964,0.72137815,0.2938441,4.653739,4
6965,0.66836345,0.5752431,2.091394,5
6966,0.20281571,0.65001535,3.451102,6
6967,0.25187337,0.17334428,1.9902998,7
6968,0.88431,0.6410471,2.483362,8
6969,0.27289027,0.46843508,2.9029322,9
6970,0.1872965,0.12936965,2.9738462,10
6971,0.31992754,0.2011786,6.355935,11
6972,0.12809831,0.08669399,6.160188,12
6973,0.38812366,0.35158774,2.9115202,13
6974,0.12615481,0.5507073,2.3583891,14
6975,0.08301471,0.7347637,1.6001229,15
6976,0.20103289,0.2939836,5.254096,16
6977,0.6952917,0.38665682,4.6181636,17
6978,0.1982436,0.12211655,4.3126483,18
6979,0.58368737,0.48043233,3.3350375,19
6980,0.16466573,0.05945643,2.9250147,20
6981,0.26101023,0.27544284,2.785153,21
6982,0.15032175,0.1834068,3.2088475,22
6983,0.23556076,0.7381612,0.70565635,23
6984,0.676817,0.3116351,3.8446472,0
6985,0.1533915,0.8376656,3.5637956,1
6986,0.708162,0.5514395,3.7432578,2
6987,0.19462462,0.402936,3.4948463,3
6988,0.59767425,0.37502724,2.9092398,4
6989,0.6870083,0.8399403,2.3094106,5
6990,0.39988247,0.51843184,1.9041173,6
6991,0.22134137,0.26966316,2.5010014,7
6992,0.84270775,0.68976897,1.0694258,8
6993,0.23880015,0.6367398,2.1779068,9
6994,0.0340315,0.77968717,1.0918167,10
6995,0.3860641,0.27191797,4.8241262,11
6996,0.10889912,0.16550596,5.5977106,12
6997,0.1566333,0.16523916,4.337218,13
6998,0.12346481,0.56426924,1.382644,14
6999,0.11396401,0.72833395,2.6608071,15
7000,0.3266887,0.18171498,2.8303978,16
7001,0.7888762,0.3790963,3.1823275,17
7002,0.2316892,0.21158805,5.2561874,18
7003,0.7425844,0.05422362,3.2354069,19
7004,0.20462662,0.47834888,2.4011633,20
7005,0.34094262,0.217518,3.9056325,21
7006,0.1610607,0.12236246,4.547296,22
7007,0.43868428,0.9551418,1.831173,23
7008,0.647391,0.24261916,3.2345753,0
7009,0.10233394,0.6480501,2.058132,1
7010,0.8099215,0.6410874,3.344655,2
7011,0.39459127,0.39851272,2.7331777,3
7012,0.7336352,0.36396778,5.7664065,4
7013,0.48659006,0.46665624,1.8533002,5
7014,0.43345386,0.5970707,2.328292,6
7015,0.2732284,0.30256143,3.9291942,7
7016,0.56276786,0.5742634,2.3871574,8
7017,0.3757083,0.60452676,1.2866926,9
7018,0.08640269,0.70526105,1.4104735,10
7019,0.40017745,0.228654,4.0595202,11
7020,0.1433874,0.19161582,3.767351,12
7021,0.21614829,0.1863084,3.2305923,13
7022,0.12930307,0.22670355,4.227689,14
7023,0.18559384,0.019378286,3.4364352,15
7024,0.20120889,0.24959674,3.898841,16
7025,0.7897787,0.58559614,4.037482,17
7026,0.2182073,0.2592705,4.8607163,18
7027,0.6505843,0.14799948,2.1846058,19
7028,0.17175321,0.59984523,1.0376322,20
7029,0.46041608,0.13835521,3.8031433,21
7030,0.22050759,0.11444476,2.6115882,22
7031,0.34921506,0.81424403,0.9980501,23
7032,0.6898917,0.23388489,3.166299,0
7033,0.09473293,0.07488335,1.732274,1
7034,0.8616887,0.65297866,5.0200505,2
7035,0.5057403,0.35978913,3.6083648,3
7036,0.67353135,0.23781553,4.3403397,4
7037,0.6975242,0.53097254,2.5636559,5
7038,0.5247143,0.47581127,3.5720987,6
7039,0.25182444,0.36999068,3.7237005,7
7040,0.8023415,0.6256365,0.82679623,8
7041,0.41136032,0.699911,3.907125,9
7042,0.11505747,0.8602001,0.79019976,10
7043,0.35972804,0.2643206,4.5357695,11
7044,0.10491803,0.2660193,2.9285252,12
7045,0.40559545,0.15966159,2.1142602,13
7046,0.23086537,0.37578425,3.813821,14
7047,0.12126946,0.099177174,4.513416,15
7048,0.2521906,0.30202898,6.1900845,16
7049,0.8460507,0.33986032,2.8601565,17
7050,0.29341808,0.19045533,5.3228993,18
7051,0.7606718,0.28627595,3.037366,19
7052,0.1356291,0.058498003,3.053125,20
7053,0.5699293,0.14702168,3.2447119,21
7054,0.14305566,0.15675962,2.8688226,22
7055,0.04848335,0.744886,3.1636114,23
7056,0.9024284,0.45660096,4.186655,0
7057,0.0998199,0.015069648,2.7117138,1
7058,0.37238604,0.6254938,5.079401,2
7059,0.5172012,0.47030202,3.3936856,3
7060,0.67311966,0.25616953,6.3420634,4
7061,0.4513097,0.4887467,3.2712376,5
7062,0.6107119,0.3220412,2.6699388,6
7063,0.13955401,0.24092424,3.070792,7
7064,0.7776558,0.62822807,1.1838579,8
7065,0.43467754,0.6185744,4.1007004,9
7066,0.2095504,0.90346,1.206449,10
7067,0.4553893,0.25485665,5.250845,11
7068,0.07922304,0.11402416,4.890553,12
7069,0.25655967,0.24745034,3.9738965,13
7070,0.09236531,0.45496637,2.8246248,14
7071,0.0618742,0.057839327,4.1196995,15
7072,0.17930941,0.17674632,3.39539,16
7073,0.7230068,0.5420664,3.206818,17
7074,0.14772956,0.15376249,6.141988,18
7075,0.7232864,0.18615206,2.4375966,19
7076,0.22155206,0.10981699,2.7177663,20
7077,0.51078147,0.29577714,4.660558,21
7078,0.15958609,0.17021123,3.0208066,22
7079,0.14623012,0.32561907,2.4756117,23
7080,0.7197588,0.35091648,3.4433556,0
7081,0.064193785,0.6311354,1.7215372,1
7082,0.66814613,0.7639893,3.5507095,2
7083,0.46848914,0.25184715,2.9383383,3
7084,0.6026986,0.32966542,4.783351,4
7085,0.51647574,0.70017767,2.1996202,5
7086,0.3441217,0.6410076,1.6321104,6
7087,0.2549458,0.32818338,3.1789036,7
7088,0.7087723,0.6628069,2.5307012,8
7089,0.18082689,0.55674005,2.6708243,9
7090,0.31889522,0.2163231,2.2676094,10
7091,0.3325259,0.21262941,3.633118,11
7092,0.12964691,0.19538015,4.547744,12
7093,0.39299908,0.25261307,3.7328792,13
7094,0.111250855,0.48140973,3.5570235,14
7095,0.20545678,0.8309118,1.5990555,15
7096,0.22358382,0.35775232,5.5648975,16
7097,0.8425377,0.26264265,4.073474,17
7098,0.13232641,0.08424937,7.777372,18
7099,0.62935686,0.45361796,3.0526237,19
7100,0.113262504,0.0715368,4.984906,20
7101,0.55064994,0.13812642,2.460365,21
7102,0.12108307,0.21730573,3.1523657,22
7103,0.13709213,0.75913143,3.4272254,23
7104,0.5180004,0.30010048,3.7624648,0
7105,0.21722762,0.007672897,1.4292669,1
7106,0.60843724,0.38359594,3.0543458,2
7107,0.37477687,0.26164436,3.3465648,3
7108,0.80115056,0.3270862,4.6229305,4
7109,0.5802031,0.54993355,0.7033842,5
7110,0.7666966,0.43831336,2.1855364,6
7111,0.24545714,0.22624141,2.6434877,7
7112,0.56014085,0.7011467,2.7422953,8
7113,0.24221565,0.7334613,4.014839,9
7114,0.18831298,0.30494276,1.0064788,10
7115,0.41588756,0.26065013,5.028385,11
7116,0.18546045,0.08375841,4.255981,12
7117,0.29456955,0.14015226,2.668498,13
7118,0.09912047,0.57603484,3.8540435,14
7119,0.047101337,0.99869305,0.28853732,15
7120,0.16058475,0.26442796,5.0926294,16
7121,0.7830123,0.50137746,1.9988459,17
7122,0.13067342,0.21216048,4.719619,18
7123,0.74335355,0.20842162,3.0847578,19
7124,0.1221881,0.069880486,3.5329785,20
7125,0.25574583,0.19841285,4.928268,21
7126,0.1461786,0.13891372,5.0696726,22
7127,0.076441206,0.4270247,1.3911785,23
7128,0.70326245,0.25807753,3.3078098,0
7129,0.054650754,0.023593687,2.0545685,1
7130,0.7883712,0.7150431,3.6835172,2
7131,0.49325684,0.2021595,4.4060903,3
7132,0.68618613,0.48816347,6.0855436,4
7133,0.48185712,0.5794664,2.8571966,5
7134,0.4479819,0.6411825,1.8578126,6
7135,0.23737945,0.2454128,3.1060448,7
7136,0.582859,0.58399737,1.631892,8
7137,0.30853233,0.5673909,2.138738,9
7138,0.21219413,0.24801005,3.1212046,10
7139,0.4074671,0.4148804,5.2763534,11
7140,0.26798806,0.11512952,3.0701842,12
7141,0.3624093,0.34958476,3.8417811,13
7142,0.09570595,0.59666055,3.091014,14
7143,0.08398643,0.8060299,1.7587866,15
7144,0.30679807,0.24254327,5.234453,16
7145,0.8962708,0.36729264,1.9463642,17
7146,0.23614444,0.18356927,6.386891,18
7147,0.5678619,0.12919188,3.688356,19
7148,0.0968463,0.08941697,2.9887614,20
7149,0.34652776,0.23843248,4.0328746,21
7150,0.26722002,0.18929422,4.4209375,22
7151,0.10448369,0.59551305,1.3229514,23
7152,0.6669597,0.34037688,2.5195575,0
7153,0.11610728,0.19364454,1.808324,1
7154,0.83510506,0.7693197,4.5365663,2
7155,0.27918893,0.2984634,3.093968,3
7156,0.73841816,0.27370745,5.8203783,4
7157,0.5513644,0.7701161,2.58803,5
7158,0.458257,0.36148107,2.394861,6
7159,0.33296603,0.3604942,2.7317622,7
7160,0.73474073,0.73980546,2.0852165,8
7161,0.26066098,0.6952644,2.6244454,9
7162,0.18281965,0.048939984,2.2182026,10
7163,0.32969323,0.21861891,5.598345,11
7164,0.10668952,0.14284867,4.3778915,12
7165,0.24389523,0.1352595,3.3596623,13
7166,0.109867,0.25239506,4.374777,14
7167,0.10560122,0.17394072,2.2823634,15
7168,0.18494292,0.33665326,5.377138,16
7169,0.83238053,0.42675585,2.645461,17
7170,0.15838066,0.1559166,5.1893845,18
7171,0.50764835,0.3276979,4.0000696,19
7172,0.045506407,0.12231832,2.7639983,20
7173,0.48738295,0.2833251,3.5774324,21
7174,0.12584138,0.097244374,4.762153,22
7175,0.10274379,0.7201753,2.2419925,23
7176,0.75740534,0.37931702,3.890325,0
7177,0.13999966,0.037248764,1.0937796,1
7178,0.7557457,0.6468504,4.3549037,2
7179,0.27631408,0.5084588,2.958207,3
7180,0.6044663,0.47966412,5.377205,4
7181,0.61756086,0.43304574,1.7507808,5
7182,0.5726956,0.42299852,2.7159488,6
7183,0.31443492,0.27969027,3.3385954,7
7184,0.6752893,0.8215063,2.3178036,8
7185,0.21515147,0.63771385,1.9364398,9
7186,0.1606185,0.06625316,2.9891958,10
7187,0.5164299,0.15688492,5.133927,11
7188,0.115257695,0.30710292,4.757785,12
7189,0.18306693,0.18414624,3.6540449,13
7190,0.13756144,0.30963197,2.696595,14
7191,0.10274715,0.316386,3.1356227,15
7192,0.18577911,0.28897092,6.1329937,16
7193,0.943744,0.53076863,4.1989555,17
7194,0.272057,0.13663705,6.6313877,18
7195,0.7459651,0.06878246,2.5425806,19
7196,0.22157453,0.194256,4.611047,20
7197,0.45293558,0.22206527,3.817832,21
7198,0.2014858,0.2806987,2.4732218,22
7199,0.6802751,0.9261161,0.92056805,23
7200,0.46330875,0.39504018,3.4134614,0
7201,0.16664541,0.97545993,0.9279002,1
7202,0.8721749,0.70341384,4.308404,2
7203,0.2429705,0.37471032,3.8465188,3
7204,0.74139965,0.42293373,5.2523746,4
7205,0.42412367,0.5813592,1.850692,5
7206,0.6074397,0.77545273,3.2052631,6
7207,0.25497204,0.41567865,2.634548,7
7208,0.7899125,0.87694025,1.2119623,8
7209,0.42746398,0.53362477,1.2232596,9
7210,0.073571794,0.27924165,2.33159,10
7211,0.33292264,0.30513382,4.502781,11
7212,0.10787297,0.13626702,4.548365,12
7213,0.16324301,0.25110462,4.042063,13
7214,0.13355906,0.33428842,2.8948238,14
7215,0.34323943,0.031187199,3.8262465,15
7216,0.20386842,0.28725106,4.82768,16
7217,0.8851456,0.53989977,4.3056054,17
7218,0.18638407,0.25718012,5.832234,18
7219,0.57630676,0.119889736,3.0136075,19
7220,0.054761447,0.012442989,5.9390826,20
7221,0.31745088,0.1590285,2.971179,21
7222,0.1469829,0.23390453,2.9070268,22
7223,0.25844672,0.29221737,1.5493038,23
7224,0.52111953,0.48390916,2.3822708,0
7225,0.17366476,0.047869977,2.0208473,1
7226,0.75701773,0.63241225,3.918365,2
7227,0.3260956,0.3753317,4.328466,3
7228,0.7024793,0.28733745,4.896786,4
7229,0.4340045,0.27020875,2.2645035,5
7230,0.19071317,0.34483916,1.5817446,6
7231,0.29128405,0.34617335,2.8108616,7
7232,0.48751396,0.36183056,1.6846527,8
7233,0.37392718,0.748874,2.3745043,9
7234,0.14167614,0.016616164,3.5404797,10
7235,0.60685325,0.24094547,5.8681984,11
7236,0.06265975,0.20692213,5.056199,12
7237,0.44500172,0.21555272,3.3726726,13
7238,0.14979781,0.31386253,2.8211613,14
7239,0.03597731,0.9142291,1.6051267,15
7240,0.21070315,0.32454464,4.495884,16
7241,0.68535066,0.36277148,3.3261428,17
7242,0.1675991,0.21601535,6.1919365,18
7243,0.82734925,0.46350572,3.8023841,19
7244,0.11353519,0.2111045,1.79948,20
7245,0.45758203,0.10617153,3.3456252,21
7246,0.19878888,0.22640795,2.2339797,22
7247,0.024209175,0.65275043,2.829162,23
7248,0.85101646,0.40942103,2.5711415,0
7249,0.08899069,0.13885114,1.1544944,1
7250,0.816837,0.7181623,6.071493,2
7251,0.5004321,0.15108813,4.4533186,3
7252,0.75850725,0.2918927,3.9173877,4
7253,0.6002101,0.6934445,2.2961888,5
7254,0.26427332,0.7443316,2.1256945,6
7255,0.23646572,0.26399067,2.1718524,7
7256,0.6507819,0.7558838,2.0607255,8
7257,0.23577885,0.72071886,2.3125415,9
7258,0.30439982,0.115541644,2.4645731,10
7259,0.30232513,0.32195738,3.2570477,11
7260,0.052873045,0.13538086,3.820593,12
7261,0.52617306,0.19026066,3.6475258,13
7262,0.29780382,0.39798754,2.525176,14
7263,0.11408309,0.16534089,3.54453,15
7264,0.25391147,0.35597804,6.573386,16
7265,0.8591199,0.26448578,3.7839696,17
7266,0.22902013,0.07824811,6.235004,18
7267,0.6538347,0.16957764,2.430011,19
7268,0.13970745,0.10871728,3.4129887,20
7269,0.52647287,0.26529795,4.587945,21
7270,0.1508595,0.11887617,4.1780553,22
7271,0.13012268,0.89523536,1.0866203,23
7272,0.7112129,0.3556234,6.2697964,0
7273,0.104258135,0.45671973,2.5911498,1
7274,0.7749347,0.5629027,3.821014,2
7275,0.52042854,0.22666287,4.0554504,3
7276,0.8496036,0.23467505,3.3453112,4
7277,0.4318698,0.57287,2.0839448,5
7278,0.71930736,0.5611499,1.8601297,6
7279,0.17580126,0.4299356,4.970458,7
7280,0.80498904,0.5825687,1.2877886,8
7281,0.31638452,0.5051326,1.9865534,9
7282,0.12081879,0.020247953,3.4768696,10
7283,0.38877568,0.2536759,4.310885,11
7284,0.14131665,0.20741811,3.5359244,12
7285,0.26036364,0.14878678,3.2040944,13
7286,0.11017228,0.5662657,3.8407893,14
7287,0.18609285,0.044433273,3.4393344,15
7288,0.23708898,0.36297843,4.7124224,16
7289,0.5417852,0.30948985,2.911552,17
7290,0.26962194,0.102877125,6.1255217,18
7291,0.69078404,0.20920035,3.180741,19
7292,0.07834622,0.06858162,2.885666,20
7293,0.28139853,0.2210246,2.9835198,21
7294,0.15214063,0.18143162,3.6195192,22
7295,0.18088536,0.9204295,2.518202,23
7296,0.67976665,0.32516378,4.394268,0
7297,0.17157212,0.004729788,1.9992812,1
7298,0.65829736,0.69924396,3.288636,2
7299,0.33128557,0.31324825,2.4583712,3
7300,0.29591855,0.38638285,4.976906,4
7301,0.5168425,0.6249141,1.5442071,5
7302,0.4530487,0.3691306,2.693015,6
7303,0.37120494,0.28197202,2.4322658,7
7304,0.81347454,0.6367674,1.7025135,8
7305,0.40441918,0.54973,1.9793571,9
7306,0.061100487,0.3477036,3.1514583,10
7307,0.42383334,0.21450898,5.0745606,11
7308,0.14076371,0.15039194,4.4597507,12
7309,0.47288153,0.20349872,4.4015617,13
7310,0.18040751,0.36904356,2.3379378,14
7311,0.14554434,0.38638976,1.6977168,15
7312,0.26620704,0.2621622,6.062437,16
7313,0.7887908,0.39986387,3.6636872,17
7314,0.16625139,0.23142372,5.170412,18
7315,0.83300364,0.25153175,1.9292806,19
7316,0.17549366,0.5544495,2.6332493,20
7317,0.42057824,0.12202853,4.0684996,21
7318,0.19238576,0.19740331,3.4519646,22
7319,0.10287149,0.41026133,1.6395313,23
7320,0.8606303,0.2867278,3.6169066,0
7321,0.19221923,0.34535772,1.4356046,1
7322,0.73517674,0.72460985,5.945051,2
7323,0.4336776,0.38416123,3.3988974,3
7324,0.73503226,0.42809272,4.9544773,4
7325,0.6381081,0.5037499,2.1641886,5
7326,0.33834216,0.3566382,2.2887955,6
7327,0.19720511,0.45462757,4.3213644,7
7328,0.8976936,0.953373,3.0647902,8
7329,0.28712207,0.7362726,2.5462193,9
7330,0.09306657,0.05380129,3.3967159,10
7331,0.5389853,0.20198151,4.526886,11
7332,0.11192784,0.1350661,5.5736265,12
7333,0.34550148,0.20640387,5.0767527,13
7334,0.18334125,0.34410122,2.6596117,14
7335,0.15914512,0.30983716,2.349808,15
7336,0.28077936,0.2773507,4.754016,16
7337,0.51078373,0.32716084,2.3635862,17
7338,0.20011146,0.10339474,6.530897,18
7339,0.37925553,0.51047766,3.5496805,19
7340,0.13542275,0.051955078,3.6655655,20
7341,0.42376164,0.15049314,2.7259722,21
7342,0.18672936,0.14924471,4.4475994,22
7343,0.49207518,0.84567386,1.2098737,23
7344,0.57439643,0.25685135,3.3816311,0
7345,0.20262773,0.5167443,1.4412196,1
7346,0.76130456,0.6380054,2.999803,2
7347,0.36649635,0.36256507,5.800738,3
7348,0.6589319,0.3407977,4.291209,4
7349,0.71070296,0.5700767,2.400065,5
7350,0.37165642,0.62450135,2.9038887,6
7351,0.17203207,0.23885664,2.8684509,7
7352,0.6788062,0.66883934,1.294297,8
7353,0.4231503,0.5124445,2.519487,9
7354,0.1039189,0.30464342,2.216922,10
7355,0.3294988,0.24417637,6.171486,11
7356,0.08455323,0.21031024,4.0147357,12
7357,0.4283899,0.2944422,4.3840914,13
7358,0.09055812,0.453726,3.0541592,14
7359,0.1080202,0.72615236,1.225335,15
7360,0.10154746,0.36486658,4.212562,16
7361,0.59728247,0.52794945,3.7402887,17
7362,0.26123962,0.14728945,6.5521154,18
7363,0.5355077,0.3665852,4.9171324,19
7364,0.1125331,0.061911147,2.6177664,20
7365,0.29424533,0.17749916,4.318158,21
7366,0.17276116,0.12296256,3.9086466,22
7367,0.45926467,0.84802765,1.8709168,23
7368,0.73385394,0.41288105,2.6625953,0
7369,0.13470508,0.99907935,1.665345,1
7370,0.5604627,0.5804695,4.6865625,2
7371,0.44617304,0.45603415,4.2854505,3
7372,0.7310327,0.41228804,5.514619,4
7373,0.63292605,0.42374578,1.4019742,5
7374,0.48627695,0.44302455,2.5843735,6
7375,0.45983857,0.28500965,3.4319518,7
7376,0.72177345,0.61999243,1.8867992,8
7377,0.2768861,0.8732036,2.5459015,9
7378,0.2234489,0.46880844,0.94014645,10
7379,0.41447937,0.23368564,5.7301197,11
7380,0.12106082,0.2569291,5.887563,12
7381,0.4859165,0.2277775,3.9376812,13
7382,0.14282799,0.29746228,3.211243,14
7383,0.17904893,0.11284405,3.9143765,15
7384,0.16096267,0.29875937,5.237509,16
7385,0.82348746,0.41165417,3.2162275,17
7386,0.09887411,0.3481959,5.7634354,18
7387,0.6970093,0.5583966,4.7771697,19
7388,0.1193046,0.23796017,2.0785098,20
7389,0.39365,0.22107817,4.0853376,21
7390,0.20603222,0.1689491,4.625928,22
7391,0.29996935,0.6587085,0.8573452,23
7392,0.7067397,0.16528319,1.8470119,0
7393,0.07441144,0.6522383,1.7042837,1
7394,0.7011166,0.45060873,4.951398,2
7395,0.30450997,0.36041278,3.1506677,3
7396,0.5802723,0.38593397,3.1691372,4
7397,0.27435237,0.8525607,2.3654733,5
7398,0.5830578,0.63382465,2.868641,6
7399,0.25424638,0.23450154,1.9659632,7
7400,0.8274821,0.6710136,1.2615869,8
7401,0.56819004,0.6056809,2.492061,9
7402,0.10384291,0.3431315,1.788947,10
7403,0.39738357,0.26510748,4.7654433,11
7404,0.103012964,0.14977331,4.8884764,12
7405,0.5483481,0.17820545,3.9087348,13
7406,0.11735576,0.37682864,3.5000825,14
7407,0.1185642,0.3103812,3.452005,15
7408,0.24482948,0.3582466,5.0954843,16
7409,0.7069315,0.33701214,3.7141848,17
7410,0.14751054,0.24309422,6.140804,18
7411,0.64056504,0.14577469,3.6947658,19
7412,0.11963362,0.73375857,0.4746664,20
7413,0.5183393,0.08921963,4.1103106,21
7414,0.23729172,0.22674662,2.7134252,22
7415,0.035990022,0.2638143,1.8274806,23
7416,0.6562171,0.40021527,4.687175,0
7417,0.09710231,0.9836705,1.5902824,1
7418,0.688853,0.47338706,3.4921298,2
7419,0.53146213,0.40044498,4.7004976,3
7420,0.63373876,0.34271944,3.5515692,4
7421,0.405252,0.70505023,3.5527768,5
7422,0.5271075,0.6500329,1.9868271,6
7423,0.34954235,0.282532,4.3487997,7
7424,0.6811975,0.6688994,2.3520646,8
7425,0.45135802,0.5929834,1.3975177,9
7426,0.16728777,0.17182706,2.4432478,10
7427,0.45470268,0.2507984,5.553254,11
7428,0.04741826,0.19353566,4.9362535,12
7429,0.36950046,0.37991226,4.573904,13
7430,0.235899,0.367597,1.6195843,14
7431,0.1700146,0.21489882,3.2608294,15
7432,0.2697992,0.25372845,4.512352,16
7433,0.92227304,0.44491467,3.5188496,17
7434,0.22324929,0.17074779,7.080481,18
7435,0.7164848,0.29816836,3.6891723,19
7436,0.19866277,0.19024792,2.2569377,20
7437,0.38098678,0.35863152,4.6661406,21
7438,0.11444249,0.19606593,2.349051,22
7439,0.07017092,0.53955543,2.1881535,23
7440,0.6095141,0.339841,4.0618677,0
7441,0.10290426,0.23187816,1.8985825,1
7442,0.6259292,0.59736633,3.0256453,2
7443,0.2783979,0.29736823,3.7771869,3
7444,0.5733362,0.3318392,5.365715,4
7445,0.6970851,0.63688594,2.6476586,5
7446,0.6368486,0.67978215,2.4302938,6
7447,0.21111216,0.32107934,1.8375316,7
7448,0.74287534,0.47670123,1.7490344,8
7449,0.34101945,0.8620782,3.5716634,9
7450,0.13486394,0.0051011126,3.2193117,10
7451,0.36581925,0.3322953,5.4654446,11
7452,0.28863612,0.111444764,4.223991,12
7453,0.38724485,0.2866493,3.5244308,13
7454,0.18693383,0.4175961,2.1077845,14
7455,0.24159424,0.008132594,4.938924,15
7456,0.23514727,0.26864368,3.583039,16
7457,0.52241164,0.36347163,3.428865,17
7458,0.14798905,0.36044264,4.9307847,18
7459,0.65366995,0.26155642,2.2094457,19
7460,0.08916625,0.21016194,2.9035516,20
7461,0.37082976,0.1740487,3.3575807,21
7462,0.16075577,0.16136344,3.2690997,22
7463,0.55273855,0.61398995,1.8396122,23
7464,0.67562723,0.25402585,3.1784139,0
7465,0.13619725,0.0065053236,2.2472563,1
7466,0.8021608,0.6905028,4.7263427,2
7467,0.47088155,0.58478415,5.19929,3
7468,0.8317499,0.38749573,4.858773,4
7469,0.5482053,0.57525176,2.6117454,5
7470,0.8458295,0.39322796,1.8081738,6
7471,0.22547074,0.16118288,1.6184413,7
7472,0.6995642,0.5262231,1.1120417,8
7473,0.3564733,0.5272992,1.730747,9
7474,0.38022593,0.08724454,2.5272284,10
7475,0.45887637,0.20414594,5.0734015,11
7476,0.15076362,0.22754711,5.1537085,12
7477,0.4883959,0.27861416,2.557335,13
7478,0.24060829,0.46517155,3.9707642,14
7479,0.13661014,0.33958516,2.9412875,15
7480,0.1892446,0.29524362,6.5139585,16
7481,0.90359324,0.43896478,3.4714613,17
7482,0.2121246,0.11450035,5.708196,18
7483,0.6842456,0.1971562,2.8536797,19
7484,0.09297457,0.20131288,3.3723063,20
7485,0.36485025,0.28105506,5.188943,21
7486,0.07488287,0.12148267,3.47468,22
7487,0.061497506,0.18170199,2.2609575,23
7488,0.6741261,0.4390127,4.1383986,0
7489,0.082933135,0.3052637,1.6695731,1
7490,0.77794355,0.62545824,4.9462695,2
7491,0.34463412,0.31377935,2.6107087,3
7492,0.40943357,0.2932674,4.409423,4
7493,0.5506493,0.5200499,1.8775501,5
7494,0.5231816,0.7862372,3.0164359,6
7495,0.184491,0.33765158,3.5472622,7
7496,0.78150195,0.661207,1.6869241,8
7497,0.30210954,0.5413673,2.2967114,9
7498,0.2085162,0.49218556,1.4722619,10
7499,0.24082796,0.31081522,3.2929,11
7500,0.031416845,0.2299715,4.9857926,12
7501,0.50912285,0.19105652,3.8284826,13
7502,0.2041432,0.24775834,2.1369617,14
7503,0.04125659,0.9635434,1.278922,15
7504,0.2742155,0.22274032,4.357521,16
7505,0.76776373,0.44780597,3.756363,17
7506,0.15016444,0.20753558,3.3039653,18
7507,0.7868635,0.32110918,3.244921,19
7508,0.2572456,0.009582922,5.610643,20
7509,0.44160694,0.2717828,4.1816735,21
7510,0.10385815,0.2900971,3.093972,22
7511,0.02148168,0.32646644,3.2896361,23
7512,0.63857985,0.33931348,3.298308,0
7513,0.08615506,0.34380442,1.3545213,1
7514,0.53747404,0.74107957,4.1345153,2
7515,0.16460356,0.19415945,2.3707712,3
7516,0.7182826,0.3969152,5.0308847,4
7517,0.6529558,0.42340833,2.064512,5
7518,0.6484664,0.5159149,2.765477,6
7519,0.2887254,0.2797424,3.2646012,7
7520,0.6985589,0.76888776,1.6293309,8
7521,0.3126497,0.65704185,3.179374,9
7522,0.059582427,0.29609662,2.583508,10
7523,0.36739227,0.19236594,5.1934423,11
7524,0.13910587,0.1643667,3.9558053,12
7525,0.24522768,0.1639632,3.6683128,13
7526,0.120241016,0.48646194,3.3291986,14
7527,0.2325573,0.023519581,5.4481373,15
7528,0.26878902,0.27819628,4.0373993,16
7529,0.79296315,0.48756555,4.613195,17
7530,0.2134445,0.22917941,3.8741424,18
7531,0.81452364,0.2396152,2.8415897,19
7532,0.07733065,0.29487297,2.89,20
7533,0.42611358,0.26624554,4.5186243,21
7534,0.19622259,0.20754729,2.5877056,22
7535,0.31552947,0.804504,1.7632806,23
7536,0.78977007,0.4061799,2.9220476,0
7537,0.115379974,0.18041115,1.3793324,1
7538,0.7939005,0.7953058,4.1749997,2
7539,0.24188142,0.40730605,3.8984175,3
7540,0.33610865,0.42655498,5.822798,4
7541,0.822349,0.36374447,2.0217996,5
7542,0.52853024,0.57286143,4.3305655,6
7543,0.30229408,0.34352887,3.415321,7
7544,0.73504055,0.7583343,2.198027,8
7545,0.35720813,0.5543287,2.1466386,9
7546,0.3871179,0.0061729224,2.587627,10
7547,0.4615256,0.24026364,5.0924597,11
7548,0.11848755,0.14865173,4.534236,12
7549,0.4486376,0.25043342,3.726347,13
7550,0.1527826,0.29106307,2.5715947,14
7551,0.15966225,0.28268737,3.2134404,15
7552,0.14920124,0.37488142,5.4862695,16
7553,0.6965357,0.38148868,4.228048,17
7554,0.20390758,0.13140205,6.2743597,18
7555,0.6196506,0.43888158,3.7645774,19
7556,0.09226229,0.066149846,3.90374,20
7557,0.37164083,0.20989357,4.148513,21
7558,0.14827824,0.22811753,2.9326484,22
7559,0.47130412,0.9045135,1.2634733,23
7560,0.61215883,0.41746542,3.964396,0
7561,0.1425383,0.77656823,1.8377976,1
7562,0.71756303,0.54503226,3.319495,2
7563,0.40888226,0.1964967,2.7800183,3
7564,0.81872845,0.3780788,5.7531605,4
7565,0.33510053,0.5095756,1.6513073,5
7566,0.6431104,0.68757933,2.3977823,6
7567,0.3772851,0.24510977,2.3619835,7
7568,0.59849566,0.6982607,1.7749135,8
7569,0.3630484,0.5263167,2.1904554,9
7570,0.07050589,0.18574424,1.3931599,10
7571,0.27095082,0.2875764,4.9842377,11
7572,0.090092994,0.28777847,3.7505946,12
7573,0.23808376,0.17287818,3.3458436,13
7574,0.15249744,0.5682686,4.053012,14
7575,0.17520536,0.0018102627,3.1774096,15
7576,0.21291381,0.398171,3.387461,16
7577,0.7608548,0.6062333,4.1293564,17
7578,0.16292186,0.17033805,6.799721,18
7579,0.46132162,0.20206985,4.19438,19
7580,0.16424361,0.15794049,4.1335144,20
7581,0.44698954,0.17242475,3.6471236,21
7582,0.1475009,0.16916597,2.657745,22
7583,0.05368195,0.48049298,2.6006556,23
7584,0.6100828,0.21229716,2.9198575,0
7585,0.12218491,0.17656852,3.0877635,1
7586,0.72630507,0.621192,3.7941027,2
7587,0.507147,0.18118888,2.4170468,3
7588,0.5669214,0.24341817,4.9695725,4
7589,0.5143505,0.40461853,1.9709182,5
7590,0.3633676,0.8587345,2.125134,6
7591,0.28053048,0.43841624,3.1727824,7
7592,0.72021616,0.8356018,1.2778904,8
7593,0.31415966,0.51175183,1.1619438,9
7594,0.07349456,0.93949723,0.7381964,10
7595,0.3367807,0.22366396,5.350918,11
7596,0.083754495,0.14445719,5.595909,12
7597,0.3611758,0.21750087,3.8940012,13
7598,0.16031666,0.5693022,3.23158,14
7599,0.07743979,0.07978044,2.6611187,15
7600,0.38112345,0.4630769,5.7046933,16
7601,0.7457251,0.39706275,3.7551425,17
7602,0.14644882,0.16592918,6.342254,18
7603,0.5737636,0.384056,2.0108936,19
7604,0.22843155,0.42252642,1.5078573,20
7605,0.44877172,0.17541629,3.0519953,21
7606,0.17612049,0.07674676,4.066325,22
7607,0.5682751,0.855852,1.1739441,23
7608,0.47850642,0.34062707,2.4642498,0
7609,0.08308003,0.9244557,1.6408986,1
7610,0.6422366,0.6662926,4.288477,2
7611,0.5655986,0.36242318,4.880267,3
7612,0.7630391,0.35361055,5.660362,4
7613,0.6016332,0.51649874,2.676847,5
7614,0.5801464,0.50039774,2.3418841,6
7615,0.3789962,0.37884074,3.3839078,7
7616,0.54335165,0.5945446,3.619478,8
7617,0.28240952,0.7670346,2.6844847,9
7618,0.12411798,0.94254667,1.2076094,10
7619,0.42751378,0.30865073,5.7672524,11
7620,0.16872263,0.1360845,3.9300728,12
7621,0.27977192,0.08187958,2.4212458,13
7622,0.17103302,0.42185155,1.6717411,14
7623,0.20482796,0.01146723,5.036669,15
7624,0.16712576,0.29416695,5.067758,16
7625,0.72667366,0.67520696,5.6500382,17
7626,0.16989498,0.13791442,5.1814013,18
7627,0.6852277,0.10403533,3.8917377,19
7628,0.19880226,0.621146,0.64299536,20
7629,0.39227852,0.17772952,4.828535,21
7630,0.16375159,0.08091444,5.266626,22
7631,0.16385515,0.4736551,1.5535444,23
7632,0.839719,0.3059728,3.4846559,0
7633,0.24210581,0.3440672,1.7095535,1
7634,0.616443,0.45504615,3.2837539,2
7635,0.4149111,0.2824031,2.1649318,3
7636,0.71689016,0.35581198,5.0630255,4
7637,0.6686913,0.7264177,1.4130412,5
7638,0.5888748,0.7126801,2.3700233,6
7639,0.24368227,0.23789838,3.1299748,7
7640,0.8194669,0.7178148,2.5956616,8
7641,0.3631931,0.68775135,2.7573762,9
7642,0.12844984,0.0009118093,5.754871,10
7643,0.25952557,0.32348162,6.3360076,11
7644,0.10790661,0.08560557,4.935754,12
7645,0.17347658,0.23407151,3.6988485,13
7646,0.15675779,0.25136444,2.52149,14
7647,0.09704766,0.046416897,3.051268,15
7648,0.18939361,0.3675389,6.487381,16
7649,0.6192785,0.26008528,3.0238814,17
7650,0.17839067,0.0858877,7.5113583,18
7651,0.74839056,0.2735317,2.1050029,19
7652,0.059138853,0.0853028,3.0038216,20
7653,0.35984945,0.13097812,4.1288857,21
7654,0.16712496,0.109243974,4.7278566,22
7655,0.5720781,0.9646144,1.1879944,23
7656,0.8002082,0.3626987,4.3743377,0
7657,0.14216419,0.83293414,2.0192008,1
7658,0.7241753,0.6683367,3.3820944,2
7659,0.3344228,0.44697672,3.038278,3
7660,0.61670065,0.16695549,4.734716,4
7661,0.5490535,0.6443704,2.3262777,5
7662,0.52709997,0.5641478,3.5770712,6
7663,0.23915611,0.21452361,2.032495,7
7664,0.64693236,0.5679609,2.527608,8
7665,0.29141435,0.8490362,2.788333,9
7666,0.06840349,0.25979295,2.5915933,10
7667,0.39983824,0.16408065,5.856514,11
7668,0.0741329,0.11671463,5.4914637,12
7669,0.46771297,0.24346675,3.957555,13
7670,0.11647454,0.41282463,2.4731727,14
7671,0.07955645,0.959321,1.2567412,15
7672,0.16895372,0.34484673,5.66029,16
7673,0.78357035,0.5361008,4.3681684,17
7674,0.17417203,0.27075565,3.867679,18
7675,0.7124267,0.6466232,2.3977633,19
7676,0.12566279,0.2782231,2.5344136,20
7677,0.24625966,0.28053853,4.359537,21
7678,0.094812915,0.20613639,3.3809342,22
7679,0.2400679,0.7834502,1.6278915,23
7680,0.5750152,0.31747895,4.1145854,0
7681,0.1718988,0.037930768,3.2502737,1
7682,0.7173922,0.6351508,4.265359,2
7683,0.35564768,0.31758344,2.876786,3
7684,0.66660243,0.41736677,5.136485,4
7685,0.76350415,0.34236383,1.1178167,5
7686,0.4213306,0.72006583,2.1457717,6
7687,0.3228496,0.284465,2.9533439,7
7688,0.74618316,0.5066308,1.5548074,8
7689,0.39562052,0.7320025,1.5564523,9
7690,0.072446465,0.009090384,3.7444398,10
7691,0.4337808,0.32698247,3.3391204,11
7692,0.20482132,0.112691306,2.9046707,12
7693,0.30463794,0.20017067,4.1376414,13
7694,0.13949259,0.4333876,3.8192253,14
7695,0.06568995,0.5633372,1.9661918,15
7696,0.22755161,0.33254912,4.740884,16
7697,0.9286719,0.43286076,2.8533912,17
7698,0.19188008,0.21401967,4.5628076,18
7699,0.5324769,0.3174246,3.2678275,19
7700,0.19482578,0.20759834,1.3333886,20
7701,0.3719135,0.16490303,1.9096171,21
7702,0.093074426,0.09497374,6.6161733,22
7703,0.061484106,0.8105976,3.2419708,23
7704,0.69729275,0.13642922,3.7029133,0
7705,0.13305485,0.8228116,2.1625085,1
7706,0.7818197,0.45779634,1.771662,2
7707,0.38997418,0.48505583,4.573603,3
7708,0.58717984,0.47625056,5.3100104,4
7709,0.5177013,0.5203578,1.6843865,5
7710,0.59397763,0.36738947,1.8494958,6
7711,0.26317024,0.31962696,2.2882862,7
7712,0.59390825,0.7064375,1.8120883,8
7713,0.23898926,0.6431266,1.6139479,9
7714,0.15035,0.12973265,2.6227827,10
7715,0.30919614,0.29155663,4.6651115,11
7716,0.09847144,0.14219464,5.767508,12
7717,0.4212568,0.22245863,3.1451936,13
7718,0.10034636,0.4258455,2.2103815,14
7719,0.18038768,0.3383877,4.3347554,15
7720,0.14892036,0.3541813,5.215747,16
7721,0.68088037,0.48536164,4.9897356,17
7722,0.18763967,0.21572465,5.8588605,18
7723,0.67278576,0.4410799,3.0908978,19
7724,0.070634216,0.061216604,2.9243093,20
7725,0.58687574,0.17647849,4.0203447,21
7726,0.1668042,0.09664595,5.9951572,22
7727,0.34296396,0.46502185,0.8610567,23
7728,0.69858927,0.37867084,4.1856747,0
7729,0.20043823,0.9323886,3.0346038,1
7730,0.83370525,0.6653912,4.2377,2
7731,0.25016028,0.32384655,4.9134192,3
7732,0.6105933,0.4081733,4.9395494,4
7733,0.5899557,0.39404714,2.5192232,5
7734,0.3161072,0.60622126,1.8223414,6
7735,0.38951516,0.3452535,2.768734,7
7736,0.7101067,0.80415285,1.391527,8
7737,0.49440458,0.7706979,3.3516598,9
7738,0.09752727,0.18511087,2.1201844,10
7739,0.30912575,0.22050989,4.2056427,11
7740,0.10320444,0.16450047,4.7246356,12
7741,0.30968714,0.2075048,3.7109628,13
7742,0.120317936,0.46795875,3.375931,14
7743,0.14435874,0.7135059,2.1828523,15
7744,0.20052454,0.18221506,4.293129,16
7745,0.75995904,0.5555866,3.306601,17
7746,0.1369022,0.28353423,4.8754864,18
7747,0.607227,0.39961234,2.9388568,19
7748,0.16735767,0.10794634,3.850655,20
7749,0.3230793,0.15129432,3.7619576,21
7750,0.18130073,0.30514514,3.045851,22
7751,0.64448225,0.9127837,1.1129732,23
7752,0.7274402,0.35382053,3.6176207,0
7753,0.12499437,0.99809104,2.0984702,1
7754,0.7338989,0.67820907,4.371437,2
7755,0.59907866,0.24934867,2.5242817,3
7756,0.39445463,0.20807001,4.1127863,4
7757,0.4966188,0.4610365,2.393752,5
7758,0.85917944,0.36579564,2.7694454,6
7759,0.28969756,0.27146316,2.044276,7
7760,0.7179651,0.64310807,1.4397464,8
7761,0.25948155,0.6285134,2.6397512,9
7762,0.2473403,0.033832047,2.0813277,10
7763,0.3419123,0.23996378,4.34125,11
7764,0.13403642,0.17608017,4.491283,12
7765,0.404981,0.27765372,4.359033,13
7766,0.09151403,0.3980796,3.0491056,14
7767,0.08981386,0.11021822,2.6593833,15
7768,0.29073343,0.2988315,3.7208629,16
7769,0.7054185,0.64802223,4.47458,17
7770,0.18910374,0.2297444,3.8523386,18
7771,0.72430974,0.53282267,3.7724962,19
7772,0.091061436,0.033746462,5.8745117,20
7773,0.3016088,0.26755285,4.184112,21
7774,0.2293682,0.1517572,2.1296508,22
7775,0.43538934,0.86388755,1.0886818,23
7776,0.6291428,0.4789419,2.9131427,0
7777,0.24753253,0.49173975,1.8972738,1
7778,0.70258063,0.66814,3.7288973,2
7779,0.29668447,0.23923151,2.3565254,3
7780,0.6923476,0.3289735,5.3800893,4
7781,0.49407214,0.29680458,2.2940805,5
7782,0.3983262,0.46614027,2.139437,6
7783,0.24020676,0.3658479,3.227034,7
7784,0.8881657,0.65491146,2.4896588,8
7785,0.344554,0.7269834,2.7047584,9
7786,0.15541299,0.6120744,2.3182352,10
7787,0.47020248,0.26289546,5.135677,11
7788,0.18466043,0.13940509,4.951556,12
7789,0.3801506,0.3513386,3.6574392,13
7790,0.17023817,0.41630387,2.7434998,14
7791,0.1026619,0.63687783,1.9227784,15
7792,0.25357768,0.32522354,5.3532,16
7793,0.8766766,0.38396326,2.8481665,17
7794,0.24682482,0.08395854,6.7841487,18
7795,0.86608124,0.26641458,1.9850684,19
7796,0.09898116,0.010705417,6.296771,20
7797,0.35292208,0.09446971,4.176851,21
7798,0.0983734,0.17868683,3.5081325,22
7799,0.14897694,0.82344055,1.5936888,23
7800,0.57475734,0.45000225,2.8084137,0
7801,0.07286285,0.99934727,1.9521999,1
7802,0.61733073,0.4550522,4.9405246,2
7803,0.50813746,0.5637572,3.5817232,3
7804,0.5773134,0.416979,3.8595138,4
7805,0.50133115,0.7905728,1.7723708,5
7806,0.5137867,0.6245978,2.1365478,6
7807,0.21887444,0.22424914,3.0277972,7
7808,0.73474306,0.4273334,1.9910163,8
7809,0.28630775,0.49565196,2.5945141,9
7810,0.09720846,0.7422158,1.0814626,10
7811,0.46514302,0.16520897,4.226014,11
7812,0.24278522,0.100121774,5.2612853,12
7813,0.2677761,0.19766536,4.045661,13
7814,0.1656718,0.29746068,2.2133226,14
7815,0.101263985,0.04804723,4.3730955,15
7816,0.16707057,0.28387672,4.8291607,16
7817,0.6766475,0.3157673,4.155845,17
7818,0.23683351,0.18709461,3.2242827,18
7819,0.5940388,0.06307671,2.3555694,19
7820,0.18073268,0.242564,1.4208488,20
7821,0.37718412,0.13439058,2.8602061,21
7822,0.086211294,0.13669541,4.1025248,22
7823,0.5892506,0.9324285,1.1244129,23
7824,0.7975166,0.49173316,4.1415367,0
7825,0.06797366,0.9613279,2.1428366,1
7826,0.655868,0.6483722,4.8138657,2
7827,0.37572792,0.41288397,4.211153,3
7828,0.66177976,0.28417146,5.194788,4
7829,0.4900401,0.54426837,1.7472041,5
7830,0.57465076,0.4972119,1.3865473,6
7831,0.19320807,0.2613743,4.395152,7
7832,0.6244934,0.6712249,2.9687383,8
7833,0.28942937,0.8006188,3.32228,9
7834,0.15549842,0.09441449,2.1258228,10
7835,0.39224902,0.24216855,5.2608776,11
7836,0.07835499,0.103771865,6.4887676,12
7837,0.49141136,0.13736646,2.7237988,13
7838,0.2567575,0.41114292,2.7561572,14
7839,0.14511898,0.18104522,2.5278668,15
7840,0.24168395,0.35037524,4.3750086,16
7841,0.66073155,0.5317454,4.691319,17
7842,0.20017251,0.0899851,8.34711,18
7843,0.7451121,0.15102445,2.027662,19
7844,0.10336621,0.38427246,1.0831637,20
7845,0.4665503,0.2890629,4.009492,21
7846,0.18569419,0.073598094,4.029133,22
7847,0.10040128,0.45187658,1.9623368,23
7848,0.81884813,0.43546256,3.2530365,0
7849,0.06417686,0.6020745,1.7096739,1
7850,0.8644105,0.7862677,2.3845813,2
7851,0.58151376,0.3853817,3.7521634,3
7852,0.5243382,0.50497246,5.1859255,4
7853,0.4988905,0.4345431,2.2755184,5
7854,0.61949044,0.2615718,2.0477295,6
7855,0.3066054,0.19811314,3.81719,7
7856,0.7826872,0.68092227,1.5450695,8
7857,0.36858097,0.6274123,2.9529228,9
7858,0.281426,0.4228384,2.3322465,10
7859,0.31695187,0.2695974,4.7915964,11
7860,0.085982904,0.09054703,5.8776846,12
7861,0.4450274,0.19762397,2.5365338,13
7862,0.123361595,0.29624647,2.184852,14
7863,0.31476718,0.06412853,4.018479,15
7864,0.21383782,0.2713768,5.9111853,16
7865,0.52862644,0.5655161,4.468803,17
7866,0.27868932,0.114084676,4.9616966,18
7867,0.64644504,0.11767666,2.6656947,19
7868,0.1599176,0.24698469,1.6193591,20
7869,0.441253,0.26184472,4.1655393,21
7870,0.13060474,0.14851382,4.2219934,22
7871,0.34418002,0.64030486,1.1560767,23
7872,0.40726057,0.3388077,3.6750078,0
7873,0.13273454,0.003680834,2.040276,1
7874,0.7368781,0.72480446,4.543495,2
7875,0.3495216,0.36455595,4.449849,3
7876,0.5250016,0.2958826,4.0192714,4
7877,0.69579095,0.5834697,3.0082736,5
7878,0.6679397,0.6212749,2.2887943,6
7879,0.39724112,0.34926692,3.5283663,7
7880,0.8245878,0.7842681,2.196471,8
7881,0.28678438,0.52887803,2.6385152,9
7882,0.25550982,0.06541113,1.2656206,10
7883,0.3128632,0.2607643,4.620365,11
7884,0.0961986,0.14032103,5.6567907,12
7885,0.4668237,0.19115916,3.4361956,13
7886,0.1382969,0.41594923,3.1670146,14
7887,0.11569733,0.50413275,1.9334228,15
7888,0.2667851,0.23711342,4.640913,16
7889,0.55081695,0.1855634,2.5853486,17
7890,0.219785,0.13933146,6.964169,18
7891,0.68450665,0.42157578,3.5207424,19
7892,0.10686432,0.19976825,2.3003714,20
7893,0.5326412,0.11996367,2.6401768,21
7894,0.10428965,0.2832675,4.3597817,22
7895,0.032298725,0.37424582,2.678866,23
7896,0.91472775,0.21558098,3.7467716,0
7897,0.11236979,0.98136044,1.2149284,1
7898,0.78313583,0.6784737,3.4523287,2
7899,0.36008397,0.31120962,4.839431,3
7900,0.6742013,0.20821327,4.5777698,4
7901,0.56547004,0.6469679,1.5032964,5
7902,0.50555885,0.55729216,3.8987339,6
7903,0.4233361,0.23597175,2.5446012,7
7904,0.7123855,0.709468,2.5054488,8
7905,0.40503216,0.62572837,3.1157532,9
7906,0.23143534,0.023161128,4.207439,10
7907,0.3150507,0.2529967,4.5632033,11
7908,0.0751192,0.20783764,5.34199,12
7909,0.3146435,0.19723664,3.3404849,13
7910,0.1212771,0.38435254,2.9493327,14
7911,0.11498795,0.92811304,0.87362087,15
7912,0.27202648,0.2688542,4.034519,16
7913,0.7973883,0.4844022,2.8976657,17
7914,0.24228093,0.11346533,7.2963905,18
7915,0.6481997,0.32710373,3.089911,19
7916,0.1957272,0.14409259,4.244338,20
7917,0.24834602,0.20281798,4.257013,21
7918,0.15816328,0.19210383,3.4568996,22
7919,0.24035302,0.6307572,2.2869916,23
7920,0.42332575,0.30134037,4.3933363,0
7921,0.20750888,0.9941042,2.0389845,1
7922,0.8083353,0.82645047,5.192123,2
7923,0.4572886,0.42713702,2.1365418,3
7924,0.56313044,0.3070336,4.7823277,4
7925,0.3460072,0.2986321,2.6150355,5
7926,0.67257196,0.59441036,3.0174854,6
7927,0.32576138,0.31370118,4.539281,7
7928,0.7432061,0.6483538,2.4650266,8
7929,0.3005772,0.46721792,2.2995033,9
7930,0.018196413,0.75747585,1.7241356,10
7931,0.32545245,0.2404996,4.1215186,11
7932,0.105868146,0.20049077,5.4877048,12
7933,0.4541914,0.21762274,3.06994,13
7934,0.15732065,0.33458036,3.1280603,14
7935,0.06867148,0.0074865064,6.1982102,15
7936,0.16219474,0.33389005,5.011392,16
7937,0.6500976,0.41363186,2.6831028,17
7938,0.2805071,0.09861031,6.88929,18
7939,0.7298545,0.23405717,3.5758886,19
7940,0.15754992,0.45679703,2.3269768,20
7941,0.4165522,0.2267684,5.04539,21
7942,0.08600543,0.18104354,2.9414093,22
7943,0.2498609,0.78789234,2.3738937,23
7944,0.7860387,0.21105376,2.9931455,0
7945,0.15550376,0.9457498,1.1506115,1
7946,0.7818354,0.77483195,5.6370564,2
7947,0.4057944,0.35232297,3.7734108,3
7948,0.6549513,0.5061465,7.242839,4
7949,0.5910881,0.61973375,2.3661783,5
7950,0.5693723,0.576055,5.0504107,6
7951,0.25056764,0.3591975,3.2392817,7
7952,0.8812212,0.56559485,2.0822167,8
7953,0.38044497,0.49938124,2.626484,9
7954,0.054347217,0.8853383,1.9868134,10
7955,0.3805258,0.14924218,6.119487,11
7956,0.31039327,0.12067407,5.176157,12
7957,0.44031432,0.19595577,2.9713163,13
7958,0.18173528,0.64512646,3.326027,14
7959,0.16736072,0.010753246,4.7354736,15
7960,0.14779752,0.28377977,5.1600213,16
7961,0.8377811,0.4107066,3.4177434,17
7962,0.19764325,0.13136181,5.7629023,18
7963,0.61339474,0.5536072,4.482933,19
7964,0.19148295,0.6485533,0.83481586,20
7965,0.4754456,0.14524117,3.98257,21
7966,0.18353683,0.13957047,2.9541287,22
7967,0.0151609285,0.08332748,3.8125322,23
7968,0.44864374,0.2825373,3.9153066,0
7969,0.10725781,0.8171008,1.8609622,1
7970,0.6341153,0.7066638,5.0421705,2
7971,0.38145337,0.30193144,2.7930636,3
7972,0.353059,0.25846848,5.068695,4
7973,0.6576821,0.5709156,2.4151866,5
7974,0.483441,0.6227744,2.0453236,6
7975,0.3007073,0.46467704,2.3963804,7
7976,0.7121126,0.5989182,1.7381634,8
7977,0.33713233,0.7399467,1.5000678,9
7978,0.08529178,0.63054365,1.2547809,10
7979,0.48435286,0.21648973,4.0988407,11
7980,0.1426619,0.22007884,5.051065,12
7981,0.37195277,0.19032474,4.4625397,13
7982,0.17160226,0.53981036,2.5844333,14
7983,0.122424796,0.18457961,2.9343727,15
7984,0.1683119,0.2546863,3.8278909,16
7985,0.7974508,0.40589273,3.0484462,17
7986,0.15976505,0.13085134,7.942506,18
7987,0.5031274,0.22656897,3.5431743,19
7988,0.098202705,0.020921841,6.796038,20
7989,0.35254085,0.18843491,3.1039264,21
7990,0.13921614,0.25089124,4.0765886,22
7991,0.64563614,0.8490943,0.8292481,23
7992,0.6856208,0.3055776,3.140852,0
7993,0.034529034,0.924538,2.648773,1
7994,0.75160474,0.58402634,4.9357753,2
7995,0.40125117,0.44878826,2.2129498,3
7996,0.5127525,0.32665768,4.9433665,4
7997,0.52601343,0.44710195,2.096229,5
7998,0.5351878,0.39291567,2.5505223,6
7999,0.20613793,0.34774116,3.6515524,7
8000,0.52015555,0.7793455,1.2116538,8
8001,0.44476897,0.6465954,3.014933,9
8002,0.059207194,0.02464604,4.2083573,10
8003,0.43446916,0.24491888,4.367548,11
8004,0.11463623,0.17189312,3.4174662,12
8005,0.2203976,0.3352391,2.9865835,13
8006,0.22198991,0.48406047,4.7202725,14
8007,0.11407713,0.02060763,3.3925967,15
8008,0.17125952,0.28523088,4.001459,16
8009,0.7235558,0.45941392,2.4820843,17
8010,0.22628511,0.24741852,5.164261,18
8011,0.6427649,0.32126534,2.3318048,19
8012,0.29088023,0.08070015,3.4709358,20
8013,0.44204846,0.17224377,3.594633,21
8014,0.18766002,0.34021646,2.0625181,22
8015,0.13393833,0.4483351,1.8239634,23
8016,0.4561131,0.2916306,2.4440348,0
8017,0.13074218,0.19985202,1.6705441,1
8018,0.7184918,0.67746735,4.8516173,2
8019,0.23986904,0.39015546,3.0895364,3
8020,0.56879425,0.23064823,3.9701674,4
8021,0.56381357,0.72729504,2.357268,5
8022,0.59186995,0.5615574,2.1981716,6
8023,0.15530968,0.15558608,1.8840802,7
8024,0.81668854,0.54124534,1.8237393,8
8025,0.25403684,0.7443758,3.8098075,9
8026,0.05001341,0.97301584,1.1257739,10
8027,0.46785405,0.2082765,5.490608,11
8028,0.23617837,0.109663405,3.504684,12
8029,0.21306665,0.29748693,4.464651,13
8030,0.09913439,0.50581926,4.2110505,14
8031,0.24389686,0.12944755,2.344,15
8032,0.27508283,0.2484455,3.7751203,16
8033,0.80651283,0.3990729,3.9871416,17
8034,0.16709024,0.15247306,4.7340865,18
8035,0.82873327,0.086439736,1.8632522,19
8036,0.06050415,0.26780054,2.9820335,20
8037,0.39221975,0.17425124,2.5505571,21
8038,0.18528779,0.16805635,3.1213274,22
8039,0.15817781,0.43662676,1.8179601,23
8040,0.78572613,0.36460674,3.4333029,0
8041,0.13487111,0.9964952,1.1281703,1
8042,0.6867229,0.5780676,3.1673095,2
8043,0.5677385,0.40007684,2.9770038,3
8044,0.518193,0.3219475,5.1070976,4
8045,0.4302198,0.48114246,2.469979,5
8046,0.2955012,0.42387277,1.9470884,6
8047,0.35487446,0.32389712,3.4407294,7
8048,0.5224174,0.642618,2.2682924,8
8049,0.2629501,0.64972156,3.9146729,9
8050,0.09917386,0.6709066,1.7803965,10
8051,0.54933006,0.31742987,5.256231,11
8052,0.33153307,0.18913744,5.3400173,12
8053,0.14543813,0.19927278,4.645647,13
8054,0.19191594,0.37412933,1.9762837,14
8055,0.04288266,0.61228615,1.3634526,15
8056,0.19410558,0.28479338,5.771365,16
8057,0.673292,0.4142979,6.1793094,17
8058,0.23573655,0.20690466,7.391153,18
8059,0.81098294,0.38971612,2.9398384,19
8060,0.14303155,0.07567055,2.5601041,20
8061,0.44347733,0.10255929,4.922027,21
8062,0.098699436,0.16048272,3.578522,22
8063,0.05729205,0.32196715,3.2567348,23
8064,0.7774876,0.37288013,3.3866074,0
8065,0.26250687,0.9120342,1.2190387,1
8066,0.776804,0.6318904,5.686131,2
8067,0.24027146,0.24784636,3.7040386,3
8068,0.7424309,0.3577772,4.9165535,4
8069,0.69797426,0.43422392,1.5631549,5
8070,0.574606,0.6406047,3.5328164,6
8071,0.18205826,0.4463031,2.1570382,7
8072,0.7138587,0.62365496,1.8835766,8
8073,0.43259317,0.79647356,2.7644906,9
8074,0.17017107,0.3583304,2.6941295,10
8075,0.2846327,0.27674082,4.1566906,11
8076,0.10231856,0.08585533,6.714609,12
8077,0.3544355,0.19770756,3.0157187,13
8078,0.10814873,0.23545775,2.6815858,14
8079,0.22708827,0.71339667,1.661004,15
8080,0.1613031,0.34266642,4.94668,16
8081,0.7852813,0.50558144,3.7755494,17
8082,0.1999888,0.1788829,5.6785707,18
8083,0.5687364,0.5869346,3.8618567,19
8084,0.11114588,0.07908445,4.6593666,20
8085,0.39881638,0.21313466,2.970478,21
8086,0.16123725,0.28684515,2.1645794,22
8087,0.21345219,0.752171,1.508436,23
8088,0.75070965,0.5388344,3.6051722,0
8089,0.074832246,0.8782623,2.264537,1
8090,0.88042086,0.6658671,4.939091,2
8091,0.3477831,0.26919824,3.7324798,3
8092,0.58098704,0.35180342,4.9118295,4
8093,0.6573766,0.66966647,1.8167331,5
8094,0.6515706,0.6838789,2.490839,6
8095,0.28031006,0.24281454,4.237485,7
8096,0.71365106,0.8333891,3.2160652,8
8097,0.3876131,0.54559195,3.4469657,9
8098,0.034954447,0.25232467,2.7642748,10
8099,0.44610506,0.22395554,5.332116,11
8100,0.17443243,0.08606169,4.5034447,12
8101,0.21816543,0.2617818,4.9136057,13
8102,0.1491819,0.38712418,4.180172,14
8103,0.35920024,0.44541,2.83862,15
8104,0.1892395,0.39684317,5.726671,16
8105,0.89862216,0.45257384,2.841822,17
8106,0.21247496,0.075983934,7.021644,18
8107,0.85943174,0.070582144,2.9997797,19
8108,0.04458491,0.10961108,1.5437715,20
8109,0.47701535,0.14611991,4.2948475,21
8110,0.30255547,0.20456359,4.3936033,22
8111,0.030356573,0.33710033,2.591201,23
8112,0.39429513,0.29291308,5.086055,0
8113,0.11429591,0.11222396,1.4011985,1
8114,0.7192306,0.61476445,4.280576,2
8115,0.5128272,0.35296658,4.038456,3
8116,0.60237336,0.26717383,3.6247373,4
8117,0.34180558,0.43994725,1.4513074,5
8118,0.32208747,0.67517364,2.1172867,6
8119,0.12444108,0.24483505,2.439933,7
8120,0.9008678,0.6957464,1.6997187,8
8121,0.33470365,0.81029695,2.493981,9
8122,0.051572066,0.13830976,1.9086916,10
8123,0.41593054,0.24104203,4.8002906,11
8124,0.16454339,0.09042408,4.104255,12
8125,0.37682593,0.3210247,5.2615237,13
8126,0.24886264,0.34603772,3.6196246,14
8127,0.087290645,0.09786474,2.084178,15
8128,0.26375487,0.28413484,3.6074138,16
8129,0.80630285,0.27484944,3.3500016,17
8130,0.1965133,0.11296578,6.0658593,18
8131,0.6739331,0.21332504,2.5739982,19
8132,0.16378254,0.55231005,1.8129097,20
8133,0.39535922,0.28503916,3.3408222,21
8134,0.111607246,0.16668685,3.6792192,22
8135,0.3401399,0.570775,1.2478132,23
8136,0.7839977,0.52441645,2.8761685,0
8137,0.05953379,0.9686224,2.098663,1
8138,0.787991,0.7437297,6.0952206,2
8139,0.3570461,0.380958,2.3053625,3
8140,0.611987,0.4100717,4.457802,4
8141,0.57809436,0.31721678,2.669341,5
8142,0.577162,0.6625632,2.4418442,6
8143,0.21944638,0.30541077,3.229865,7
8144,0.65190226,0.8226886,3.2904317,8
8145,0.31131566,0.66044426,1.585423,9
8146,0.3981403,0.053041473,2.0058968,10
8147,0.33871272,0.29724616,4.876852,11
8148,0.091450736,0.10282653,4.141846,12
8149,0.42581576,0.24353664,3.9579294,13
8150,0.15440355,0.38509804,3.3997788,14
8151,0.13478917,0.32236752,2.2787545,15
8152,0.13643348,0.25011653,3.7611828,16
8153,0.79699636,0.4641638,3.6940055,17
8154,0.2058183,0.056428332,6.7542076,18
8155,0.54255706,0.073274836,2.11648,19
8156,0.09417597,0.22523865,2.5591812,20
8157,0.5159505,0.09778256,3.3513007,21
8158,0.116152965,0.25331002,1.2978079,22
8159,0.3001625,0.7892254,1.5776281,23
8160,0.37681624,0.5619413,4.06591,0
8161,0.05483758,0.00011399915,1.6932095,1
8162,0.82320774,0.57418394,4.6051407,2
8163,0.5032739,0.43959904,3.724115,3
8164,0.7134554,0.32004848,5.086469,4
8165,0.5455789,0.31920677,2.5238137,5
8166,0.49593773,0.6641467,2.2066712,6
8167,0.22826159,0.2438472,2.116103,7
8168,0.7114358,0.85565764,1.9255567,8
8169,0.3453791,0.75343454,1.9274526,9
8170,0.04804786,0.53250307,1.5239677,10
8171,0.4923347,0.28459245,3.888237,11
8172,0.112662934,0.11866042,5.669922,12
8173,0.50205445,0.20642668,3.0554404,13
8174,0.18099286,0.38885826,3.494654,14
8175,0.07790961,0.56771034,2.3359373,15
8176,0.16658442,0.300324,5.710418,16
8177,0.63620025,0.35787052,4.0282784,17
8178,0.16989742,0.12790868,6.003449,18
8179,0.69099575,0.38120854,2.9268055,19
8180,0.19476643,0.04489409,3.8416448,20
8181,0.64185244,0.22046033,2.0678828,21
8182,0.12579189,0.11720235,4.1182575,22
8183,0.18080471,0.59226346,1.1077251,23
8184,0.63029057,0.22983657,3.0330122,0
8185,0.09858131,0.012020215,2.041531,1
8186,0.80668765,0.62227184,4.410792,2
8187,0.38311768,0.39648157,4.6563535,3
8188,0.7414602,0.374522,4.3086257,4
8189,0.66631335,0.5845875,2.5534005,5
8190,0.5164031,0.4964724,2.4711628,6
8191,0.3672656,0.36437553,3.5097785,7
8192,0.8219633,0.73708826,2.3044314,8
8193,0.25499278,0.85580695,3.1881075,9
8194,0.072108746,0.4459276,1.5728762,10
8195,0.336756,0.31335527,5.0720816,11
8196,0.18419935,0.18440922,5.773489,12
8197,0.39469635,0.20764375,3.4955242,13
8198,0.15351212,0.40300217,3.7138748,14
8199,0.09869199,0.02177266,3.9650416,15
8200,0.10165359,0.4237797,5.199999,16
8201,0.63561493,0.49314672,4.9566154,17
8202,0.16521285,0.20535791,6.6752477,18
8203,0.6879065,0.46218446,3.3380413,19
8204,0.16739684,0.40447816,2.0602942,20
8205,0.3024031,0.36780357,3.8265374,21
8206,0.2525438,0.15939811,1.8983092,22
8207,0.19272408,0.7075524,1.96671,23
8208,0.7301618,0.37362567,3.691712,0
8209,0.100947924,0.89765984,2.3951638,1
8210,0.67615277,0.73056835,5.860851,2
8211,0.58955383,0.2165528,3.6604416,3
8212,0.5617344,0.25884768,5.016552,4
8213,0.38966766,0.6751729,3.2581358,5
8214,0.21603674,0.70568764,1.8611574,6
8215,0.19256905,0.32566276,2.9885888,7
8216,0.8701687,0.7637392,1.5120311,8
8217,0.32193807,0.6776206,3.4836087,9
8218,0.17103314,0.038121846,2.4010339,10
8219,0.43986952,0.23490101,5.3662634,11
8220,0.20510285,0.21296747,4.666828,12
8221,0.6570965,0.23035587,3.1063914,13
8222,0.18691893,0.48749885,2.0431042,14
8223,0.08127407,0.91285133,2.1696818,15
8224,0.21676652,0.2603338,4.9615736,16
8225,0.6866701,0.41165408,4.613586,17
8226,0.14760184,0.19773777,6.304614,18
8227,0.6082182,0.15108684,2.2497127,19
8228,0.094316304,0.045673657,4.792983,20
8229,0.41327924,0.23415676,3.7810829,21
8230,0.084060915,0.11563616,4.2951007,22
8231,0.6128894,0.6851149,1.2815886,23
8232,0.6872216,0.20666301,3.2134902,0
8233,0.07292628,0.4178466,1.2421091,1
8234,0.8599757,0.5606008,2.9298515,2
8235,0.4839496,0.29878289,3.4455056,3
8236,0.7019548,0.32156196,6.1680717,4
8237,0.69180685,0.70361143,1.8545496,5
8238,0.21830398,0.39069283,2.6537158,6
8239,0.24588406,0.37005112,3.6230447,7
8240,0.823163,0.42735353,2.0507684,8
8241,0.22847217,0.37004218,2.8128934,9
8242,0.11812894,0.18661167,2.5705667,10
8243,0.36821896,0.34458396,5.7450156,11
8244,0.21337904,0.088962376,5.098048,12
8245,0.29908293,0.22911762,3.5626805,13
8246,0.21652076,0.40026593,3.1560543,14
8247,0.06491357,0.052348487,5.2161546,15
8248,0.24599469,0.21567868,4.705285,16
8249,0.6884693,0.36619422,3.7431936,17
8250,0.17945041,0.19118312,6.4640045,18
8251,0.7826298,0.15610006,2.8546536,19
8252,0.16739157,0.121126376,3.5620518,20
8253,0.51818067,0.21875753,4.6697054,21
8254,0.084630564,0.079664536,6.347218,22
8255,0.09146296,0.5476735,1.9179041,23
8256,0.35523796,0.23990674,3.8647013,0
8257,0.091092184,0.23739965,1.3238125,1
8258,0.5557417,0.5488899,5.1455593,2
8259,0.17248432,0.34886593,2.4886217,3
8260,0.5685499,0.33734864,3.1034665,4
8261,0.37214124,0.46084228,1.7105212,5
8262,0.44551888,0.40916947,2.7318115,6
8263,0.22574955,0.38235566,4.4673367,7
8264,0.66357535,0.6248848,0.9323808,8
8265,0.38476366,0.65277696,3.53092,9
8266,0.24236827,0.055127166,3.2773943,10
8267,0.48654962,0.38673732,5.769765,11
8268,0.09259363,0.14814802,6.0070915,12
8269,0.36890548,0.28752136,3.7419496,13
8270,0.11320199,0.5430454,5.0352507,14
8271,0.08938924,0.7587668,2.6085498,15
8272,0.22842014,0.2757455,4.905979,16
8273,0.807738,0.53874004,3.5415058,17
8274,0.17294721,0.237023,4.6961985,18
8275,0.832789,0.36389112,3.8498912,19
8276,0.07080352,0.06077667,4.1400867,20
8277,0.31249458,0.24824254,4.2874594,21
8278,0.21293512,0.20450227,2.9656734,22
8279,0.2186694,0.7189891,1.7655945,23
8280,0.6389603,0.55155385,3.5084808,0
8281,0.04903949,0.9113949,1.8800907,1
8282,0.68550605,0.80753195,4.0681543,2
8283,0.7285534,0.2836941,2.789012,3
8284,0.7290451,0.29687312,5.5602903,4
8285,0.59989285,0.50022835,1.8599428,5
8286,0.62810075,0.7507977,3.1152377,6
8287,0.36170423,0.37468132,2.3566678,7
8288,0.8561609,0.5743495,1.8203765,8
8289,0.30451363,0.545548,2.6687446,9
8290,0.17022829,0.20955004,1.5513079,10
8291,0.46844575,0.2696046,3.9044328,11
8292,0.060661037,0.0895591,3.4504426,12
8293,0.32996303,0.15512666,2.5167444,13
8294,0.18330136,0.37819153,2.8135254,14
8295,0.08084576,0.8474164,1.6871941,15
8296,0.17322765,0.1866616,4.7954707,16
8297,0.6714773,0.5173438,4.1740522,17
8298,0.22385448,0.32060632,5.7459526,18
8299,0.7601582,0.12333015,2.8061736,19
8300,0.129776,0.08635037,2.3933957,20
8301,0.25161198,0.42965376,3.298534,21
8302,0.22688559,0.18255219,2.6231375,22
8303,0.31849703,0.8292244,1.5284352,23
8304,0.73068655,0.29909647,2.6261644,0
8305,0.12533721,0.1737412,1.8609619,1
8306,0.81044155,0.43782538,3.1031573,2
8307,0.4761478,0.29509774,2.7436934,3
8308,0.47109511,0.3532068,3.8511121,4
8309,0.43084645,0.48081797,0.8837404,5
8310,0.9276704,0.5101397,2.3194985,6
8311,0.24002536,0.24810246,2.3740573,7
8312,0.76365554,0.4721413,0.7128476,8
8313,0.43234372,0.5870806,1.4666754,9
8314,0.05968003,0.20184922,2.3570893,10
8315,0.4398844,0.3017931,3.709185,11
8316,0.21437797,0.2113681,5.548909,12
8317,0.28811395,0.12955347,4.396605,13
8318,0.1943737,0.39532864,3.5803976,14
8319,0.08621477,0.7006885,1.7931229,15
8320,0.14065392,0.2730065,5.6835704,16
8321,0.83810693,0.25414515,3.238808,17
8322,0.1760523,0.20682952,3.9783125,18
8323,0.47149894,0.42564258,3.7184863,19
8324,0.044356376,0.12327291,3.9509168,20
8325,0.22648406,0.39910176,1.6507344,21
8326,0.057342954,0.17772035,4.307643,22
8327,0.5643944,0.9201948,1.5033876,23
8328,0.7561174,0.37181106,4.169503,0
8329,0.14282286,0.15071154,1.6903795,1
8330,0.85889876,0.50262654,2.749085,2
8331,0.5513737,0.41004056,2.6902595,3
8332,0.6642595,0.32820395,6.2988567,4
8333,0.5336853,0.314113,2.3227031,5
8334,0.44384873,0.8241145,3.6743772,6
8335,0.33730334,0.22715935,3.1076126,7
8336,0.7275076,0.438717,2.0194294,8
8337,0.2597363,0.73828286,1.8443687,9
8338,0.15192842,0.18738094,1.5850248,10
8339,0.34337682,0.28624532,5.1497374,11
8340,0.07281975,0.28985327,4.740342,12
8341,0.3161665,0.12081248,4.3643847,13
8342,0.22047861,0.38277864,3.9914606,14
8343,0.15747678,0.016663665,4.4194226,15
8344,0.23179261,0.29902372,5.416685,16
8345,0.9051151,0.58893424,3.0335045,17
8346,0.16340168,0.12822051,5.796276,18
8347,0.6383268,0.100475855,4.1020765,19
8348,0.2299984,0.36852837,1.5543039,20
8349,0.42765874,0.12515397,4.0475235,21
8350,0.16635689,0.09352165,3.0702534,22
8351,0.017513102,0.49372977,4.2372293,23
8352,0.8101515,0.5767888,3.8495288,0
8353,0.06750694,0.7630508,1.6470132,1
8354,0.84276366,0.50843763,3.4147384,2
8355,0.41500348,0.23684576,2.1585832,3
8356,0.7703595,0.5045356,5.891199,4
8357,0.55217946,0.70934093,1.3469765,5
8358,0.7543331,0.35613507,3.8854728,6
8359,0.30437648,0.20115697,3.1828394,7
8360,0.83049023,0.690828,2.847415,8
8361,0.39048862,0.7157325,1.2379756,9
8362,0.19790585,0.049422536,2.3661067,10
8363,0.29109567,0.17668399,5.561324,11
8364,0.17175089,0.16576307,4.691474,12
8365,0.34991145,0.1522309,4.186382,13
8366,0.14504628,0.3428168,2.249827,14
8367,0.103594124,0.058245648,2.5224977,15
8368,0.24845411,0.21187176,5.271946,16
8369,0.9089609,0.41877118,2.8710864,17
8370,0.24965298,0.13977106,5.641051,18
8371,0.5017447,0.4956218,4.425105,19
8372,0.13186365,0.36046228,1.8151274,20
8373,0.4048102,0.109606005,2.250196,21
8374,0.12693165,0.19160682,3.3651092,22
8375,0.09817651,0.8011406,1.6599152,23
8376,0.72327733,0.22808748,2.3521538,0
8377,0.07114591,0.17497899,2.2786686,1
8378,0.56303334,0.5843144,4.3978386,2
8379,0.49659994,0.31244895,3.7025259,3
8380,0.69492394,0.33381674,5.1949267,4
8381,0.35501263,0.3379441,1.007966,5
8382,0.62763065,0.37268868,3.6937597,6
8383,0.2098053,0.22079505,3.5232668,7
8384,0.9512902,0.6361186,0.75983465,8
8385,0.48043838,0.77407634,2.9443953,9
8386,0.057892267,0.22511336,2.924222,10
8387,0.37529597,0.26803383,5.5490932,11
8388,0.16374235,0.112557344,3.5794222,12
8389,0.2605316,0.13062462,3.163831,13
8390,0.14491397,0.35785463,2.8682814,14
8391,0.20358199,0.24262287,3.2195141,15
8392,0.20584129,0.31628188,6.145969,16
8393,0.8266205,0.44589955,3.8184867,17
8394,0.16042294,0.22151358,5.4597783,18
8395,0.5887039,0.15662293,2.9657319,19
8396,0.11238735,0.115417935,2.8508592,20
8397,0.32910207,0.25425208,4.593348,21
8398,0.21032886,0.23501709,2.3337882,22
8399,0.2582607,0.7685962,0.63571185,23
8400,0.79972214,0.3405415,3.623866,0
8401,0.20928718,0.018752517,1.4797677,1
8402,0.75040466,0.7797262,3.786201,2
8403,0.35434094,0.3020702,5.370228,3
8404,0.5165759,0.26806635,3.8877418,4
8405,0.3400226,0.5636483,3.459592,5
8406,0.6496988,0.36902413,3.4708855,6
8407,0.2206318,0.2961357,2.310917,7
8408,0.5727993,0.68572366,1.5713067,8
8409,0.3639127,0.5559891,2.4134717,9
8410,0.16276212,0.030013865,2.6660311,10
8411,0.46238494,0.21785785,5.0111647,11
8412,0.074306086,0.14061946,4.2180066,12
8413,0.3246288,0.40436062,3.568615,13
8414,0.17341308,0.36894163,3.1848264,14
8415,0.15486102,0.08091011,3.2260532,15
8416,0.22909641,0.2532421,5.1513577,16
8417,0.8242098,0.29835704,4.202364,17
8418,0.1537086,0.15183665,6.848738,18
8419,0.5898479,0.21845645,2.417474,19
8420,0.14237024,0.060377747,3.164073,20
8421,0.5936854,0.3093563,4.1007123,21
8422,0.16498311,0.09965234,5.407179,22
8423,0.11989242,0.40574378,1.3821055,23
8424,0.5623823,0.27153888,3.1404686,0
8425,0.15333956,0.7024606,1.7775892,1
8426,0.48278135,0.62775356,3.1069362,2
8427,0.21998112,0.38132504,3.9001515,3
8428,0.59107274,0.36088517,4.9871845,4
8429,0.42503336,0.6718266,2.854545,5
8430,0.2666193,0.5187648,1.5741765,6
8431,0.1469046,0.26076442,2.1721847,7
8432,0.81108516,0.4823969,2.1838756,8
8433,0.24041697,0.74266404,2.5085354,9
8434,0.30963552,0.47405386,0.8726072,10
8435,0.4691335,0.24381928,4.783437,11
8436,0.12039587,0.24237625,4.1835647,12
8437,0.2832501,0.2786424,3.2836292,13
8438,0.22996464,0.30274472,3.3059206,14
8439,0.22977512,0.017898476,3.053917,15
8440,0.26340166,0.3215436,5.916145,16
8441,0.8538351,0.22017242,2.2672036,17
8442,0.2892652,0.12318368,5.890724,18
8443,0.7807222,0.27539435,2.272287,19
8444,0.087821834,0.18562424,4.720293,20
8445,0.4957723,0.22256665,4.7917433,21
8446,0.066937596,0.20460235,2.4986646,22
8447,0.45384783,0.8091426,1.0205123,23
8448,0.6769031,0.30524665,4.7858777,0
8449,0.15733655,0.50445414,1.3844938,1
8450,0.7784158,0.65672773,4.960146,2
8451,0.2813121,0.46431386,3.0581608,3
8452,0.6032537,0.25072157,3.4737067,4
8453,0.5968192,0.5789976,2.124689,5
8454,0.49897227,0.35254067,1.564379,6
8455,0.1824187,0.4353407,4.6534433,7
8456,0.9219639,0.6415614,1.062604,8
8457,0.20319104,0.6949411,1.9707638,9
8458,0.11518247,0.13175094,2.4516497,10
8459,0.38277087,0.28582397,4.4060597,11
8460,0.1334547,0.14101532,5.64161,12
8461,0.3249973,0.23224413,3.8324664,13
8462,0.2217942,0.47621337,3.2137954,14
8463,0.2824624,0.87995124,1.425028,15
8464,0.18781592,0.2520497,4.7842016,16
8465,0.45796496,0.51466566,2.4434474,17
8466,0.21854094,0.28024077,4.800593,18
8467,0.80416656,0.30114684,3.420618,19
8468,0.23370507,0.1555182,2.9549327,20
8469,0.40158078,0.18367709,3.844488,21
8470,0.21782324,0.19777475,3.107912,22
8471,0.26828584,0.9189395,1.9085778,23
8472,0.721686,0.41425794,3.052347,0
8473,0.092544995,0.98210496,1.7882786,1
8474,0.70781434,0.67529166,3.569706,2
8475,0.46938738,0.36105636,3.783766,3
8476,0.5946488,0.47896641,5.4070144,4
8477,0.62582415,0.5388838,1.9332672,5
8478,0.5825211,0.43368375,4.174363,6
8479,0.23115693,0.46069357,2.9376087,7
8480,0.839022,0.72436464,1.9054908,8
8481,0.29650977,0.8861045,2.7896738,9
8482,0.09566534,0.30699086,1.3704305,10
8483,0.40984544,0.29216525,4.2537136,11
8484,0.11241849,0.07504611,5.4240675,12
8485,0.24945806,0.26864767,2.9078603,13
8486,0.14262876,0.3094353,1.4160607,14
8487,0.13166837,0.015701467,4.1316457,15
8488,0.17350267,0.24373287,4.229137,16
8489,0.7755241,0.3755011,3.5327897,17
8490,0.18080354,0.14483266,5.0114965,18
8491,0.6097991,0.07903876,3.726243,19
8492,0.1605055,0.6568056,1.2794584,20
8493,0.50561386,0.2049679,3.7781665,21
8494,0.17251997,0.19188994,3.1384923,22
8495,0.15326576,0.3676592,1.2480778,23
8496,0.6048196,0.32980284,2.772155,0
8497,0.22164999,0.69026756,1.1073985,1
8498,0.56098956,0.6668737,2.7169704,2
8499,0.48337924,0.23021868,3.5478873,3
8500,0.3205467,0.31575537,6.256187,4
8501,0.5111259,0.547789,2.4679146,5
8502,0.5109183,0.7524396,2.6472602,6
8503,0.28538647,0.38875732,2.9650092,7
8504,0.72001773,0.7897371,3.303347,8
8505,0.39961696,0.81377095,2.1807578,9
8506,0.06791619,0.015443406,2.912016,10
8507,0.37130606,0.23554793,5.425918,11
8508,0.1312054,0.12877218,5.9353085,12
8509,0.30393067,0.21685345,4.460595,13
8510,0.13051271,0.47377676,5.7407384,14
8511,0.112122856,0.022439787,2.9263263,15
8512,0.22109532,0.24145904,4.5769787,16
8513,0.8772961,0.55901164,4.5364246,17
8514,0.19856928,0.08281766,5.2857122,18
8515,0.812315,0.28729427,2.9569726,19
8516,0.06813747,0.049636777,2.913395,20
8517,0.44652206,0.1562047,3.7023578,21
8518,0.2536366,0.17458302,2.1585207,22
8519,0.013262801,0.17368092,3.149717,23
8520,0.71574676,0.52387804,3.3141847,0
8521,0.093052134,0.30229715,2.3635044,1
8522,0.734759,0.74705315,4.056167,2
8523,0.4025536,0.48937094,4.075146,3
8524,0.5461748,0.5065895,4.345629,4
8525,0.5860465,0.6006347,2.3710694,5
8526,0.48554322,0.55356616,2.8620574,6
8527,0.22143549,0.4467297,3.4794607,7
8528,0.83569944,0.44705954,1.8870833,8
8529,0.35516897,0.80086,1.6347637,9
8530,0.10094249,0.2790948,2.1063292,10
8531,0.37439403,0.23615721,4.8219805,11
8532,0.07296696,0.08256321,5.016884,12
8533,0.16028088,0.21527392,3.81866,13
8534,0.1613998,0.41996598,2.4756143,14
8535,0.14824995,0.01952849,6.3485174,15
8536,0.20458886,0.2295952,4.2392488,16
8537,0.5756606,0.27818346,3.1219008,17
8538,0.16839412,0.16251193,6.232277,18
8539,0.7616986,0.118858606,2.090957,19
8540,0.08020495,0.3728459,2.3148606,20
8541,0.19524154,0.21524118,2.4057484,21
8542,0.09746222,0.23226595,2.7990935,22
8543,0.07274922,0.3652239,2.4194405,23
8544,0.6665631,0.6109677,5.993778,0
8545,0.10007001,0.5645605,2.0433931,1
8546,0.82929486,0.5520955,4.9362164,2
8547,0.3057766,0.4575105,3.2553196,3
8548,0.62443954,0.3065032,5.9415836,4
8549,0.38687095,0.59914297,2.4274988,5
8550,0.27694556,0.68705434,1.952942,6
8551,0.23903993,0.2579654,3.4903107,7
8552,0.8488073,0.53723556,1.7118356,8
8553,0.35911337,0.58969885,1.4877741,9
8554,0.1269308,0.30864817,2.2170749,10
8555,0.21302904,0.21283172,5.038259,11
8556,0.20250063,0.1376743,5.9907203,12
8557,0.14448413,0.22059178,3.7989724,13
8558,0.21543859,0.43528965,2.9884126,14
8559,0.13018005,0.14055169,3.3531067,15
8560,0.16887619,0.21608227,4.415684,16
8561,0.697139,0.26070192,3.2732244,17
8562,0.23453553,0.14641173,5.56541,18
8563,0.509789,0.1597679,3.5563025,19
8564,0.072288,0.10124967,3.5206733,20
8565,0.37398806,0.22413878,3.684583,21
8566,0.26533288,0.070677206,3.91817,22
8567,0.22915071,0.8653838,2.1348157,23
8568,0.82360166,0.24933605,3.2734597,0
8569,0.08753935,0.7918424,1.11815,1
8570,0.7750246,0.4495698,3.7498524,2
8571,0.52520883,0.33625686,3.5970707,3
8572,0.69986945,0.28169525,4.717306,4
8573,0.6900401,0.43905783,1.6610192,5
8574,0.261411,0.5737193,2.5202825,6
8575,0.22483326,0.2886721,4.185824,7
8576,0.6045952,0.70118445,3.3199122,8
8577,0.33374423,0.6704596,2.4560971,9
8578,0.1078534,0.5149662,1.5766538,10
8579,0.4287767,0.28923982,4.7178736,11
8580,0.10734236,0.10248483,5.318558,12
8581,0.25983974,0.18268403,3.944249,13
8582,0.2140147,0.47640446,3.2795806,14
8583,0.042880613,0.0063448623,5.430214,15
8584,0.21776696,0.25417534,4.176058,16
8585,0.7153437,0.33416083,3.697885,17
8586,0.1687156,0.13525434,5.0703135,18
8587,0.70688635,0.2446198,2.7694526,19
8588,0.13060796,0.17945915,3.2705882,20
8589,0.44359127,0.099614635,3.2880554,21
8590,0.13924938,0.29321977,2.3170128,22
8591,0.04549765,0.37792188,2.1161585,23
8592,0.7487664,0.1121076,1.4620982,0
8593,0.19829684,0.071553744,1.2404817,1
8594,0.55915344,0.6623437,5.429542,2
8595,0.3098441,0.37779647,4.1236467,3
8596,0.8192264,0.28200835,4.489562,4
8597,0.4740711,0.68160325,1.6283029,5
8598,0.2804981,0.52684444,2.1623855,6
8599,0.14001916,0.38802993,3.9860673,7
8600,0.8468146,0.7813584,1.5490978,8
8601,0.31407374,0.46733984,1.966686,9
8602,0.10269028,0.081997484,2.6925013,10
8603,0.3240468,0.25785956,3.2270284,11
8604,0.17869177,0.11620216,4.0204077,12
8605,0.5025934,0.2848849,3.3544354,13
8606,0.33179468,0.3087347,2.7366538,14
8607,0.12842073,0.28870767,3.6647587,15
8608,0.22770828,0.4098705,6.1639004,16
8609,0.61958265,0.4247402,4.810839,17
8610,0.28945816,0.17121261,4.3592076,18
8611,0.7911226,0.23588473,3.2915778,19
8612,0.16411024,0.099196605,4.094694,20
8613,0.52793294,0.20607011,5.1637325,21
8614,0.13957028,0.20600764,4.6322603,22
8615,0.17089796,0.87375426,1.3438904,23
8616,0.82526183,0.31875363,4.1421943,0
8617,0.16783841,0.12093623,1.8056355,1
8618,0.6815297,0.7296369,5.4589314,2
8619,0.27160192,0.3228372,3.8049946,3
8620,0.735199,0.32695282,3.0079448,4
8621,0.5420862,0.74858505,2.0445206,5
8622,0.6880319,0.6207881,3.0605338,6
8623,0.22045076,0.3055346,2.0790951,7
8624,0.8694224,0.47430235,1.8682952,8
8625,0.239913,0.7749146,3.798873,9
8626,0.10932302,0.11331778,1.7940869,10
8627,0.39667356,0.26637897,6.76688,11
8628,0.13337792,0.098603785,3.6429775,12
8629,0.29585278,0.23567313,3.4996154,13
8630,0.14045326,0.20357646,3.0204802,14
8631,0.1853409,0.0066838698,4.6704373,15
8632,0.21465918,0.37065187,4.4625506,16
8633,0.65234536,0.56329465,5.322895,17
8634,0.21822098,0.20164855,6.91263,18
8635,0.64633566,0.117821604,2.005341,19
8636,0.1634713,0.015314751,5.7066703,20
8637,0.5115211,0.27203476,3.6403399,21
8638,0.10476704,0.1443779,5.0556445,22
8639,0.060299397,0.64457077,2.4750822,23
8640,0.3287141,0.36595714,3.5524008,0
8641,0.1608727,0.17994964,2.114172,1
8642,0.8616522,0.57609105,4.0443892,2
8643,0.37764034,0.34172112,2.6972988,3
8644,0.67475903,0.37625438,3.5020578,4
8645,0.4824585,0.65968364,1.5716802,5
8646,0.39596093,0.64583254,2.7687714,6
8647,0.32924214,0.337461,4.018564,7
8648,0.80496824,0.4446942,1.5627408,8
8649,0.5561007,0.8514618,3.2425842,9
8650,0.12112738,0.06280459,2.4996142,10
8651,0.5231102,0.35227975,4.7831,11
8652,0.1460107,0.14091404,5.348926,12
8653,0.3661404,0.24916594,5.0671315,13
8654,0.10425471,0.2829512,1.9723046,14
8655,0.16020261,0.045813676,2.14939,15
8656,0.22504185,0.33715567,5.4587193,16
8657,0.81988937,0.6930496,3.778418,17
8658,0.21630439,0.11109894,6.788105,18
8659,0.85111517,0.21948545,2.5379574,19
8660,0.16113925,0.07515988,2.254734,20
8661,0.43157244,0.29905713,4.803528,21
8662,0.19977935,0.24649145,2.3007455,22
8663,0.020616593,0.4190726,3.7739005,23
8664,0.75125027,0.23318252,3.1650903,0
8665,0.14109594,0.8236542,1.4177706,1
8666,0.68001574,0.6205673,3.6203012,2
8667,0.3845513,0.34362268,2.9994676,3
8668,0.632879,0.27366897,4.6836643,4
8669,0.45828554,0.5379813,1.3557779,5
8670,0.6165766,0.6482249,2.4491475,6
8671,0.52351797,0.34093374,2.4301958,7
8672,0.62499094,0.56190217,2.876773,8
8673,0.25088105,0.81177115,2.6935086,9
8674,0.19407287,0.44768277,2.067182,10
8675,0.41302422,0.2938675,5.9507084,11
8676,0.1365474,0.20533676,3.4369395,12
8677,0.4992506,0.15086378,3.9095843,13
8678,0.15283978,0.49112147,2.9911711,14
8679,0.24766381,0.007619649,5.5354204,15
8680,0.14744458,0.29608506,5.539385,16
8681,0.8601674,0.4383925,3.1844149,17
8682,0.36921933,0.11038173,3.1366239,18
8683,0.785485,0.2511552,2.8361044,19
8684,0.049404427,0.28647316,1.3661622,20
8685,0.35080016,0.1917795,4.2871327,21
8686,0.14561231,0.118491784,5.7923803,22
8687,0.21504205,0.45186436,1.3209647,23
8688,0.8181959,0.31988227,4.039282,0
8689,0.05585265,0.8347405,2.168856,1
8690,0.80482876,0.7057947,3.525785,2
8691,0.3562059,0.36067826,3.4056182,3
8692,0.70148903,0.31468236,5.1147203,4
8693,0.39321506,0.6866756,2.183114,5
8694,0.26379824,0.569619,2.6560445,6
8695,0.2741346,0.31346732,2.665795,7
8696,0.6976764,0.6118949,1.9627303,8
8697,0.25653118,0.8180072,2.2997215,9
8698,0.15746433,0.7655251,1.1446081,10
8699,0.3281865,0.20236394,6.0927296,11
8700,0.24592724,0.12580016,4.188214,12
8701,0.3902942,0.17227015,3.4179664,13
8702,0.18488872,0.40327102,3.2931032,14
8703,0.14244865,0.018208804,2.9984071,15
8704,0.2269348,0.25604886,5.3873262,16
8705,0.83172107,0.3798016,3.5322764,17
8706,0.33792228,0.092688166,5.03402,18
8707,0.6413722,0.046950918,2.4028113,19
8708,0.25393844,0.114372574,3.3844433,20
8709,0.24369183,0.26011166,4.7848635,21
8710,0.15945677,0.13630253,4.117255,22
8711,0.20245902,0.8406049,2.097279,23
8712,0.5875915,0.2813141,3.1471322,0
8713,0.070952594,0.96718997,1.897547,1
8714,0.77113783,0.70119834,3.7803898,2
8715,0.48488626,0.42822424,2.7153096,3
8716,0.6281221,0.30455533,4.6166496,4
8717,0.39934382,0.28996336,1.6379641,5
8718,0.5616683,0.6003039,2.3222618,6
8719,0.36321718,0.2720394,3.1981912,7
8720,0.54641426,0.60660577,1.8985832,8
8721,0.31559482,0.55346406,1.4345899,9
8722,0.062459346,0.032673523,1.8804615,10
8723,0.50103915,0.3728894,6.342758,11
8724,0.08676765,0.12357458,5.740326,12
8725,0.2705106,0.25032857,4.3084903,13
8726,0.13986866,0.42643484,3.5737305,14
8727,0.1519117,0.8701438,1.1758585,15
8728,0.2932891,0.20375085,3.683027,16
8729,0.85083175,0.34240717,2.9128351,17
8730,0.11779683,0.330523,4.6729693,18
8731,0.8179979,0.5888443,4.363583,19
8732,0.08543951,0.08109979,3.7860384,20
8733,0.50186765,0.2029265,5.4634027,21
8734,0.12914066,0.077315405,5.621808,22
8735,0.12347861,0.8856191,2.4438832,23
8736,0.65908784,0.25637472,4.160845,0
8737,0.083774745,0.95071274,1.3992226,1
8738,0.76268876,0.61131155,5.3953085,2
8739,0.16297305,0.25520357,3.9176226,3
8740,0.6978435,0.19323123,3.8455133,4
8741,0.42342427,0.64770496,2.5083241,5
8742,0.41861558,0.5434117,2.5747638,6
8743,0.3564448,0.22458665,3.8769255,7
8744,0.74572986,0.6160545,2.0601969,8
8745,0.21991499,0.8262859,2.3339202,9
8746,0.18777603,0.42807627,1.0743958,10
8747,0.40212345,0.24189511,5.5072193,11
8748,0.16041814,0.091137916,4.3171043,12
8749,0.43240952,0.13206494,2.91648,13
8750,0.15351374,0.38651586,4.4289002,14
8751,0.09347692,0.2648592,1.9359436,15
8752,0.25536656,0.15569042,5.400758,16
8753,0.8047051,0.61520356,3.3010678,17
8754,0.15336607,0.13966581,6.9733086,18
8755,0.7610525,0.23006485,2.8878114,19
8756,0.10575939,0.019309336,5.6293674,20
8757,0.32566336,0.14446396,4.1500087,21
8758,0.1536244,0.20858851,4.346418,22
8759,0.031898268,0.2577485,4.1994777,23
8760,0.79528093,0.4805521,2.5586627,0
8761,0.14315678,0.06023269,1.6559706,1
8762,0.5128448,0.39639333,4.8783464,2
8763,0.22334725,0.40210035,4.536463,3
8764,0.7567792,0.40053707,3.6995974,4
8765,0.5565114,0.46206647,2.666542,5
8766,0.4716578,0.55472845,1.8539326,6
8767,0.25564677,0.3994844,3.013321,7
8768,0.87815887,0.61425436,2.335022,8
8769,0.3840377,0.80484223,1.8841681,9
8770,0.024641035,0.29287645,2.8849661,10
8771,0.45359254,0.24349494,4.901381,11
8772,0.19445603,0.13947105,4.541967,12
8773,0.5117455,0.17756583,3.809885,13
8774,0.12881537,0.6760862,3.1748388,14
8775,0.12670422,0.22495216,2.7459073,15
8776,0.18640141,0.3288657,6.4250813,16
8777,0.84357196,0.44291434,3.6417677,17
8778,0.18393584,0.15890074,5.629242,18
8779,0.8668488,0.44540897,2.2012994,19
8780,0.11130201,0.036253944,3.7943945,20
8781,0.4283146,0.21211027,5.007539,21
8782,0.17367564,0.17845729,2.4906652,22
8783,0.03272446,0.45774662,3.1469765,23
8784,0.58468854,0.3127354,2.8325315,0
8785,0.08114889,0.7489727,1.9373268,1
8786,0.69797546,0.46185216,3.7833593,2
8787,0.3314999,0.40152627,4.504292,3
8788,0.4259359,0.41072765,4.3837476,4
8789,0.5198778,0.63863224,2.4211307,5
8790,0.5665627,0.63951236,1.6253637,6
8791,0.25531882,0.33737338,3.3302639,7
8792,0.82158273,0.8196658,1.30535,8
8793,0.33982646,0.7820839,3.228713,9
8794,0.15385793,0.17463064,1.4140044,10
8795,0.42721424,0.2880762,4.8077245,11
8796,0.05227669,0.26236892,4.991814,12
8797,0.31991047,0.27712253,3.094418,13
8798,0.13770393,0.38622388,2.273402,14
8799,0.12255765,0.35839972,2.1766245,15
8800,0.29773536,0.22492409,3.3542488,16
8801,0.44318742,0.567675,4.8097377,17
8802,0.27990174,0.08230624,7.101722,18
8803,0.7911403,0.2682099,3.9190152,19
8804,0.30608588,0.08226831,2.7160091,20
8805,0.399607,0.35113358,2.1132157,21
8806,0.1754525,0.19202472,2.545951,22
8807,0.33170748,0.8403307,1.5261195,23
8808,0.4167415,0.3210458,3.8486874,0
8809,0.18144646,0.009906843,2.8920732,1
8810,0.8444565,0.6071237,4.865331,2
8811,0.3803997,0.42726108,3.3355803,3
8812,0.48126164,0.42109093,4.171606,4
8813,0.69785887,0.43643823,1.6674076,5
8814,0.6006364,0.5976277,4.0088177,6
8815,0.31827354,0.15760173,2.04733,7
8816,0.6575763,0.6970227,1.2653415,8
8817,0.15273319,0.81926006,1.7143288,9
8818,0.119026005,0.05111737,2.8609548,10
8819,0.32741693,0.3513167,4.34051,11
8820,0.3056038,0.13128984,6.093583,12
8821,0.30038655,0.20616163,4.536689,13
8822,0.17454025,0.51124924,3.0902915,14
8823,0.21808286,0.029066088,2.7735307,15
8824,0.13443877,0.31054893,4.4085016,16
8825,0.73128027,0.4915476,4.9311295,17
8826,0.13279065,0.2418421,4.7033124,18
8827,0.8165672,0.34906498,2.3078945,19
8828,0.095732406,0.70270354,1.0596595,20
8829,0.40035194,0.27320936,3.636289,21
8830,0.26268217,0.15648264,2.4764166,22
8831,0.070375115,0.7732493,2.5622811,23
8832,0.41254494,0.5028382,3.3441682,0
8833,0.11898481,0.0039738435,1.3080904,1
8834,0.5552227,0.52687836,4.4664392,2
8835,0.5301539,0.31887752,2.8755727,3
8836,0.7088964,0.213518,3.5677304,4
8837,0.50051725,0.48103547,1.2628562,5
8838,0.7598404,0.44670263,3.8041096,6
8839,0.2374147,0.1422232,2.966227,7
8840,0.5730365,0.85633314,1.5892507,8
8841,0.325522,0.7331867,2.6920536,9
8842,0.33476248,0.19676109,3.7763138,10
8843,0.5806842,0.19845907,4.1515336,11
8844,0.21315284,0.16304673,5.478657,12
8845,0.29529095,0.21415664,3.5454643,13
8846,0.2156133,0.23194946,3.3006227,14
8847,0.09308965,0.16964264,3.728371,15
8848,0.24303468,0.22487366,1.8502653,16
8849,0.7348891,0.35903478,2.0899663,17
8850,0.18451026,0.13868345,5.3427362,18
8851,0.7710444,0.19365454,3.6013002,19
8852,0.2752831,0.05655663,2.7646327,20
8853,0.3716759,0.25761172,3.0191684,21
8854,0.17728128,0.22434938,3.1327393,22
8855,0.065997705,0.35562235,3.361372,23
8856,0.73604184,0.3217149,3.7097235,0
8857,0.082150914,0.9853302,1.8674494,1
8858,0.7500009,0.4541569,4.811804,2
8859,0.5790875,0.33900926,4.217657,3
8860,0.62974733,0.4081842,5.222864,4
8861,0.6042467,0.61619234,3.6242075,5
8862,0.41073674,0.26654637,2.8777761,6
8863,0.31882352,0.3106735,3.7010574,7
8864,0.9659147,0.53631055,1.4828479,8
8865,0.32146424,0.6789363,1.8027459,9
8866,0.5223903,0.14370354,2.3698003,10
8867,0.48013964,0.2273499,3.7033293,11
8868,0.11760573,0.27415085,5.7610435,12
8869,0.39013776,0.1813946,4.9808855,13
8870,0.23279734,0.4406011,2.6167107,14
8871,0.13031983,0.7247025,2.4565194,15
8872,0.10591211,0.31312287,4.5888305,16
8873,0.79433095,0.38234797,3.74541,17
8874,0.11833777,0.15782893,4.517868,18
8875,0.5808796,0.35475743,2.3340502,19
8876,0.12129754,0.35707656,1.1167051,20
8877,0.30690536,0.2256189,4.0429516,21
8878,0.17221013,0.1627507,4.688216,22
8879,0.055753965,0.5192222,2.600811,23
8880,0.7388281,0.46037132,3.340672,0
8881,0.079923384,0.6243559,2.1957567,1
8882,0.7124987,0.23043804,3.9162722,2
8883,0.3629435,0.22390093,3.5104594,3
8884,0.7376441,0.3451233,4.1752796,4
8885,0.6457566,0.74591833,2.7637002,5
8886,0.6340705,0.6873299,2.137048,6
8887,0.32654145,0.3425478,4.009817,7
8888,0.8021401,0.65938246,1.9637063,8
8889,0.30616724,0.6335733,3.1280847,9
8890,0.16859256,0.7455093,1.2472749,10
8891,0.30567476,0.16907072,2.6246257,11
8892,0.2996518,0.1483646,3.6882744,12
8893,0.21182616,0.12666377,2.3841867,13
8894,0.19377866,0.4759655,2.515342,14
8895,0.21818317,0.06510119,5.28951,15
8896,0.26655516,0.25301424,4.339562,16
8897,0.71006656,0.35251218,3.350366,17
8898,0.19416362,0.23680532,3.44168,18
8899,0.5840969,0.7166776,5.4721794,19
8900,0.16577712,0.03251487,5.9086666,20
8901,0.23379105,0.13773075,3.450811,21
8902,0.09318538,0.12399399,4.0992675,22
8903,0.15109198,0.32776323,1.0035659,23
8904,0.5867422,0.28712958,3.067088,0
8905,0.056049652,0.9331308,1.0630659,1
8906,0.6310498,0.43078962,3.4596348,2
8907,0.611784,0.37157294,4.085478,3
8908,0.81902415,0.22965178,4.808784,4
8909,0.5383853,0.7017947,1.9935491,5
8910,0.7606835,0.6207821,1.134814,6
8911,0.2603825,0.45643497,3.452166,7
8912,0.72658175,0.3927671,3.3360913,8
8913,0.27320257,0.7735256,2.7380707,9
8914,0.10389428,0.4550106,1.9104552,10
8915,0.39905724,0.31702638,4.8646536,11
8916,0.07596793,0.16320565,4.7221103,12
8917,0.34409133,0.31185117,3.5672772,13
8918,0.19428405,0.17665166,1.4678955,14
8919,0.1640153,0.006041354,4.210238,15
8920,0.2030775,0.31941155,6.2054133,16
8921,0.6190049,0.46394935,4.0776353,17
8922,0.2785933,0.3097136,3.6026165,18
8923,0.81807524,0.26409644,3.0257993,19
8924,0.06675018,0.27522105,2.2499187,20
8925,0.28966728,0.162889,3.6088486,21
8926,0.101441056,0.17746957,3.574612,22
8927,0.26102483,0.91182613,0.72929215,23
8928,0.70543253,0.4476732,3.9186053,0
8929,0.15155439,0.25433367,1.5774074,1
8930,0.8436256,0.685579,4.364189,2
8931,0.3999578,0.47803995,3.0979264,3
8932,0.47664797,0.407706,4.1243296,4
8933,0.24075557,0.74164265,2.3176444,5
8934,0.46811762,0.2977659,3.5376062,6
8935,0.42559502,0.43460366,1.8250911,7
8936,0.6435661,0.46819654,1.7893344,8
8937,0.32394132,0.7046269,2.5001574,9
8938,0.27639994,0.5899686,1.5278118,10
8939,0.4136557,0.27160922,5.724572,11
8940,0.21201889,0.15936323,3.4566202,12
8941,0.4053303,0.23267315,4.1239696,13
8942,0.21663097,0.33502534,2.317746,14
8943,0.13320047,0.33626407,1.7265831,15
8944,0.27316526,0.22574708,5.6313477,16
8945,0.9229535,0.4676697,4.444856,17
8946,0.17415927,0.14198677,7.2870836,18
8947,0.49894616,0.31292263,2.9321418,19
8948,0.11893919,0.032581072,5.8283257,20
8949,0.47588685,0.17104976,4.384469,21
8950,0.17083776,0.08293989,4.871546,22
8951,0.05244245,0.71993613,3.9016674,23
8952,0.7169221,0.2944344,2.6805294,0
8953,0.21769367,0.8012124,3.0912519,1
8954,0.5836045,0.76618433,2.9038012,2
8955,0.46379966,0.2894841,3.357252,3
8956,0.69640815,0.4762232,4.2793016,4
8957,0.58064574,0.7749294,2.2306411,5
8958,0.7434262,0.23656881,3.8582354,6
8959,0.26708636,0.30763263,3.030112,7
8960,0.7314414,0.7567244,2.1369162,8
8961,0.3333685,0.6847131,2.25096,9
8962,0.27706027,0.64682204,0.9650349,10
8963,0.51521736,0.2660404,5.8345566,11
8964,0.10616515,0.16676822,5.013279,12
8965,0.32024732,0.21365078,3.600101,13
8966,0.15521304,0.4288215,2.9835038,14
8967,0.13459867,0.5201938,1.959755,15
8968,0.20810632,0.31997082,4.9987617,16
8969,0.71289474,0.62573487,6.5314426,17
8970,0.21080716,0.08780595,5.9473124,18
8971,0.81539744,0.25193352,3.482645,19
8972,0.11782455,0.10350727,3.376563,20
8973,0.3843506,0.18308339,4.4716763,21
8974,0.19190557,0.17136727,1.5662048,22
8975,0.10191941,0.70496774,2.138012,23
8976,0.81094956,0.3710487,3.380047,0
8977,0.08764975,0.0060460977,2.194374,1
8978,0.55340683,0.6882526,3.690432,2
8979,0.29145974,0.40302867,2.841766,3
8980,0.79017985,0.2513512,5.397646,4
8981,0.64906687,0.878651,3.26875,5
8982,0.47527805,0.6735763,2.75312,6
8983,0.4214692,0.35125473,2.8918328,7
8984,0.6397555,0.74396473,1.7235595,8
8985,0.4464663,0.41493317,2.714922,9
8986,0.07652842,0.028382702,3.1703756,10
8987,0.36436254,0.18540423,5.8010902,11
8988,0.1561972,0.126188,5.631069,12
8989,0.45516163,0.113672346,2.389252,13
8990,0.18964568,0.3225193,2.2041917,14
8991,0.06551854,0.9863668,1.2258011,15
8992,0.2287567,0.19958116,5.7481885,16
8993,0.73269165,0.39952967,3.6351671,17
8994,0.19382885,0.14308444,4.0562906,18
8995,0.88722736,0.17260058,3.1468968,19
8996,0.09034424,0.060492255,4.6452003,20
8997,0.3109119,0.31840512,3.9459577,21
8998,0.20095982,0.13869794,3.069222,22
8999,0.14318357,0.42777875,2.3016436,23
9000,0.6664762,0.4995344,3.555798,0
9001,0.07749217,0.60182166,1.9534212,1
9002,0.6370237,0.5285357,4.9456353,2
9003,0.6364834,0.18329212,2.9215157,3
9004,0.55168253,0.2971055,5.2213244,4
9005,0.676238,0.554616,2.448146,5
9006,0.371423,0.7248509,3.3591466,6
9007,0.31892568,0.34084436,3.7549803,7
9008,0.8392675,0.70644116,0.8910144,8
9009,0.21311373,0.3997435,1.7028542,9
9010,0.1941942,0.6433204,1.6477107,10
9011,0.4969816,0.26259795,3.764923,11
9012,0.14357685,0.19992046,4.087474,12
9013,0.33057946,0.22257131,3.8500369,13
9014,0.097543314,0.32287467,3.9412558,14
9015,0.14886567,0.12243814,3.4786596,15
9016,0.17700708,0.27299193,5.3813686,16
9017,0.5837169,0.44522288,2.9739923,17
9018,0.25285593,0.24309115,4.77215,18
9019,0.5876584,0.23053981,4.5853596,19
9020,0.065945305,0.65760523,0.72210795,20
9021,0.2772852,0.293148,3.0271208,21
9022,0.11880128,0.22470562,4.641294,22
9023,0.12806442,0.6382143,1.7570012,23
9024,0.653546,0.2835727,2.9433498,0
9025,0.12205266,0.19997887,1.5255224,1
9026,0.73349214,0.5065805,6.564492,2
9027,0.3469404,0.28692514,3.5380042,3
9028,0.57811207,0.284666,4.4220533,4
9029,0.47061294,0.4298281,2.0982397,5
9030,0.33677888,0.67839324,2.0775352,6
9031,0.31984895,0.2896848,1.9517492,7
9032,0.48701414,0.5586615,1.2749934,8
9033,0.42301613,0.72796637,1.757884,9
9034,0.27878863,0.09870815,1.5928009,10
9035,0.41960335,0.25569478,3.8991284,11
9036,0.13298938,0.12953565,4.1159673,12
9037,0.24264586,0.16908367,3.0014765,13
9038,0.12988518,0.47155824,3.203076,14
9039,0.15131606,0.2150547,2.4339752,15
9040,0.12680313,0.30475977,3.8389351,16
9041,0.74371076,0.31716818,3.6145515,17
9042,0.15935557,0.10835844,5.715684,18
9043,0.7733417,0.31288788,3.1683347,19
9044,0.19621596,0.28777456,2.6549788,20
9045,0.41118982,0.19926126,4.4828134,21
9046,0.16624415,0.14554216,2.9104052,22
9047,0.48317078,0.9813985,1.4636208,23
9048,0.6087986,0.2107519,2.946082,0
9049,0.17629334,0.41377068,1.934451,1
9050,0.6808409,0.8002654,5.427256,2
9051,0.39272594,0.25436282,3.6895285,3
9052,0.6818121,0.2864655,4.335551,4
9053,0.50552833,0.74628544,2.9028227,5
9054,0.6169017,0.5866309,4.2982492,6
9055,0.19465004,0.3088545,2.9784937,7
9056,0.7560416,0.7986604,1.8132308,8
9057,0.40568867,0.69465894,3.2186196,9
9058,0.07569814,0.69409686,1.8904656,10
9059,0.46807453,0.20026962,5.395857,11
9060,0.0900645,0.22825727,3.554478,12
9061,0.29007408,0.10953441,3.8486457,13
9062,0.12447569,0.45448777,3.6742737,14
9063,0.24501798,0.0077511533,5.3487425,15
9064,0.1628883,0.34833694,6.069556,16
9065,0.68598974,0.41378105,2.4256997,17
9066,0.15562664,0.13925478,6.0240483,18
9067,0.82504654,0.17516454,1.8863842,19
9068,0.06895792,0.5373507,1.5475318,20
9069,0.31531107,0.4577997,5.0461082,21
9070,0.16532974,0.20801935,2.4172564,22
9071,0.15326737,0.8511218,1.5733621,23
9072,0.75347817,0.25927997,3.6859384,0
9073,0.15056562,0.0018609344,1.8282435,1
9074,0.59293395,0.5564535,3.189497,2
9075,0.18306966,0.3856439,3.49011,3
9076,0.6822469,0.22884996,4.5543413,4
9077,0.3651855,0.655571,2.7047315,5
9078,0.5530442,0.6501616,1.1399763,6
9079,0.39303985,0.25281414,3.2367823,7
9080,0.8589935,0.81549793,1.2966238,8
9081,0.24182533,0.72579306,1.7980673,9
9082,0.04858949,0.16050644,1.0662363,10
9083,0.4122832,0.3116954,3.0239413,11
9084,0.10474904,0.117964916,3.8053865,12
9085,0.39073572,0.21837704,4.024729,13
9086,0.1686874,0.47971416,3.7543073,14
9087,0.10047239,0.1586836,2.670689,15
9088,0.20014851,0.2356876,4.94555,16
9089,0.7988057,0.26141828,3.9239674,17
9090,0.24392256,0.056931835,8.15454,18
9091,0.6204591,0.14571045,4.20636,19
9092,0.16700836,0.4343015,1.6339977,20
9093,0.15043463,0.40146813,5.3739314,21
9094,0.099645406,0.09653193,4.6599827,22
9095,0.31603986,0.8836945,1.7129338,23
9096,0.8341365,0.22312582,3.9723647,0
9097,0.2228048,0.2724786,1.4372526,1
9098,0.6678016,0.8289324,5.6320696,2
9099,0.5735431,0.37017435,3.2766626,3
9100,0.48384833,0.41135538,3.0658536,4
9101,0.6138529,0.56858456,1.0396321,5
9102,0.8728473,0.5682043,4.3817368,6
9103,0.24645741,0.32655272,2.3465998,7
9104,0.67534286,0.46907803,1.4750931,8
9105,0.39610058,0.6855583,2.3341618,9
9106,0.09236234,0.37928608,1.116918,10
9107,0.4620797,0.25314307,5.1365156,11
9108,0.26546684,0.20292558,4.8422804,12
9109,0.4795142,0.1879746,3.2255304,13
9110,0.11321008,0.4094422,2.308578,14
9111,0.23421806,0.8764366,1.414,15
9112,0.14411116,0.319395,5.3625717,16
9113,0.84538394,0.5758543,5.061813,17
9114,0.15318912,0.12010858,6.9965553,18
9115,0.8282952,0.2801312,2.9654286,19
9116,0.10834295,0.12658542,2.1369836,20
9117,0.4292987,0.1449487,4.422479,21
9118,0.11815211,0.13432088,3.961184,22
9119,0.1707777,0.634376,2.673092,23
9120,0.5463087,0.3025864,3.3750286,0
9121,0.07322942,0.08092579,2.6931877,1
9122,0.69142073,0.70923567,5.75532,2
9123,0.32374576,0.44962406,4.153558,3
9124,0.5691995,0.3486923,5.599714,4
9125,0.6778179,0.5444769,2.333458,5
9126,0.6067105,0.23580955,2.7214706,6
9127,0.48691213,0.36400065,4.2886267,7
9128,0.45958287,0.36035702,0.752768,8
9129,0.31468907,0.42401332,1.8360424,9
9130,0.061130207,0.2149374,2.1293805,10
9131,0.47553572,0.25952536,4.424761,11
9132,0.14838168,0.14806113,4.3118353,12
9133,0.20584476,0.19532679,2.7760184,13
9134,0.18928435,0.38228425,2.2106838,14
9135,0.09015769,0.0829125,3.1717138,15
9136,0.1519267,0.27793637,4.08459,16
9137,0.53352046,0.6731586,4.804706,17
9138,0.25456566,0.1938927,5.393043,18
9139,0.8152777,0.15076081,2.133699,19
9140,0.13629252,0.19090427,2.6060345,20
9141,0.25816587,0.19772165,3.6927037,21
9142,0.20872141,0.08767137,4.735429,22
9143,0.32791704,0.62626404,0.84126765,23
9144,0.7379643,0.23240736,4.0046287,0
9145,0.07209131,0.837012,1.6917887,1
9146,0.74358803,0.67824554,5.1903677,2
9147,0.2912215,0.31546754,4.1461186,3
9148,0.58183855,0.27289933,3.6609197,4
9149,0.614678,0.38097847,1.0649137,5
9150,0.38891807,0.6805412,2.9636483,6
9151,0.24823967,0.48113742,3.6711023,7
9152,0.74585456,0.6594434,1.4564168,8
9153,0.46812567,0.7388376,2.1483867,9
9154,0.17907542,0.015900064,2.8849723,10
9155,0.28605103,0.1991792,4.300702,11
9156,0.10051502,0.17349455,4.574446,12
9157,0.2828191,0.14553715,3.3943253,13
9158,0.14886265,0.3584995,2.2695045,14
9159,0.095863275,0.32154375,2.4327295,15
9160,0.23987766,0.32963634,5.7036567,16
9161,0.66841847,0.51003116,2.8548136,17
9162,0.19947368,0.105596066,7.3621206,18
9163,0.6206056,0.108405106,2.8258095,19
9164,0.06898588,0.19944768,3.5685525,20
9165,0.43078062,0.16640289,5.1827545,21
9166,0.22659072,0.15310855,2.9957504,22
9167,0.06792614,0.19926588,3.301023,23
9168,0.6165353,0.33544073,3.801869,0
9169,0.0946675,0.009152059,2.109322,1
9170,0.77660847,0.7052102,3.204836,2
9171,0.32001925,0.30019465,4.03831,3
9172,0.7041392,0.50925833,4.175522,4
9173,0.5307488,0.23357981,1.1715397,5
9174,0.66056913,0.72923034,2.424083,6
9175,0.28140506,0.30803716,3.465998,7
9176,0.39456877,0.495212,1.417045,8
9177,0.5004103,0.7447354,2.3093126,9
9178,0.27990606,0.094787985,2.5122952,10
9179,0.50307095,0.30188793,6.0637054,11
9180,0.105568714,0.17864828,3.8934944,12
9181,0.4343343,0.20955288,3.860261,13
9182,0.16317362,0.42561114,3.8930938,14
9183,0.08271033,0.12798391,3.003453,15
9184,0.206456,0.3353981,5.7940936,16
9185,0.77019346,0.36804238,1.7130231,17
9186,0.21536005,0.2147584,4.6379375,18
9187,0.71101993,0.4243546,2.4620643,19
9188,0.033632576,0.20913093,3.3968954,20
9189,0.3439429,0.2326332,3.668954,21
9190,0.075960465,0.15083462,4.757256,22
9191,0.13864873,0.6828593,1.7064753,23
9192,0.4019982,0.27801606,4.165682,0
9193,0.14712967,0.055075582,1.8847132,1
9194,0.8695857,0.44472328,2.8115149,2
9195,0.2544286,0.21714352,5.1700554,3
9196,0.7463059,0.4078051,6.7619796,4
9197,0.2421393,0.679896,4.9448094,5
9198,0.35617185,0.76059204,3.6406114,6
9199,0.28059635,0.23847218,3.1440697,7
9200,0.82539326,0.7586267,1.4022523,8
9201,0.4800621,0.8801336,2.7803383,9
9202,0.17365247,0.0066873627,4.9054694,10
9203,0.40733773,0.22639379,6.3050084,11
9204,0.05706525,0.24383736,4.594081,12
9205,0.51612145,0.19747563,2.7790685,13
9206,0.16887994,0.46417025,2.072725,14
9207,0.054479167,0.9965576,0.59050155,15
9208,0.26927862,0.24510068,4.780964,16
9209,0.64186,0.36121756,4.339132,17
9210,0.21869458,0.15329129,6.850739,18
9211,0.78833956,0.21311463,2.2012804,19
9212,0.15197411,0.55452466,1.4311609,20
9213,0.3682943,0.17751826,2.897217,21
9214,0.18643624,0.09013569,5.008379,22
9215,0.3782386,0.8962888,1.0550025,23
9216,0.43042514,0.45224634,3.892868,0
9217,0.18928581,0.5915054,2.31496,1
9218,0.6376769,0.474902,2.5858908,2
9219,0.3071271,0.25421745,4.2771254,3
9220,0.6761769,0.22079244,5.233519,4
9221,0.4033671,0.14143471,1.6998206,5
9222,0.62801796,0.5923261,2.795971,6
9223,0.29679567,0.24952228,2.3647494,7
9224,0.50988346,0.89441013,1.8302932,8
9225,0.2201512,0.5707086,2.6478982,9
9226,0.070446916,0.19040322,1.8390062,10
9227,0.4296336,0.2376099,5.146924,11
9228,0.23170623,0.1792963,4.5468454,12
9229,0.4450713,0.18144384,4.2298875,13
9230,0.12392949,0.41371313,2.4344687,14
9231,0.08244416,0.13864166,3.9544053,15
9232,0.22202107,0.1933471,3.32585,16
9233,0.75640506,0.48078677,5.1568174,17
9234,0.16541661,0.39055926,3.5541444,18
9235,0.75631684,0.14397103,2.3579788,19
9236,0.11192222,0.1638973,3.2542336,20
9237,0.35553476,0.3309623,3.4711823,21
9238,0.18692036,0.11891912,3.1672506,22
9239,0.10915227,0.7927267,1.3782482,23
9240,0.7620714,0.45842665,3.1634042,0
9241,0.15636177,0.40229562,1.9312829,1
9242,0.70832384,0.686062,5.0789347,2
9243,0.41435352,0.38762537,3.9630744,3
9244,0.71718615,0.30065525,4.093308,4
9245,0.66816676,0.57274103,2.7711532,5
9246,0.37884605,0.5512661,2.2857358,6
9247,0.19219054,0.33795625,3.6168587,7
9248,0.80321,0.6804594,1.9457905,8
9249,0.17999765,0.57969993,2.2363458,9
9250,0.09870026,0.06975792,3.190837,10
9251,0.5047533,0.23870632,4.0827236,11
9252,0.2569125,0.19905503,4.155986,12
9253,0.35168305,0.30416632,4.5975966,13
9254,0.10570138,0.2779146,2.6408017,14
9255,0.13413855,0.55012506,1.3561695,15
9256,0.28225395,0.23201022,4.64764,16
9257,0.6664084,0.58755153,6.058772,17
9258,0.21767889,0.22828385,4.235747,18
9259,0.6906954,0.54638505,4.428878,19
9260,0.12361496,0.33300212,3.0372298,20
9261,0.45393342,0.21171698,3.2249389,21
9262,0.09302589,0.21424413,4.4193134,22
9263,0.13567543,0.8753178,1.3799642,23
9264,0.83341736,0.2656077,2.6119385,0
9265,0.101191886,0.9976241,1.0458204,1
9266,0.7958894,0.7154085,3.410102,2
9267,0.6052839,0.43058842,2.7921164,3
9268,0.6599301,0.38941592,5.457191,4
9269,0.5578137,0.1776752,2.1165676,5
9270,0.77870846,0.6537638,3.1608155,6
9271,0.21444666,0.30365196,2.2986212,7
9272,0.545566,0.8367843,1.9913282,8
9273,0.32845223,0.5951713,2.2784247,9
9274,0.024722409,0.9810705,0.48356354,10
9275,0.35912487,0.29814178,5.3846245,11
9276,0.058747727,0.16095634,6.8582344,12
9277,0.47108003,0.21440567,2.7417805,13
9278,0.16566293,0.6668464,2.924687,14
9279,0.11516264,0.055854764,4.9105935,15
9280,0.2562631,0.37362686,5.302555,16
9281,0.67678285,0.3302423,2.7370563,17
9282,0.1542451,0.20606075,6.347215,18
9283,0.7387331,0.22407079,3.5206697,19
9284,0.16935395,0.20294853,2.110193,20
9285,0.45175403,0.2961848,4.5115585,21
9286,0.17472607,0.07855658,4.939154,22
9287,0.32253224,0.7123486,1.6615453,23
9288,0.54970115,0.41558787,3.4581666,0
9289,0.18578056,0.010138104,1.4913704,1
9290,0.48934293,0.6784031,5.227967,2
9291,0.2596471,0.47649226,2.6494539,3
9292,0.3800777,0.5188456,5.818058,4
9293,0.45762336,0.45686918,2.1242158,5
9294,0.43826684,0.5086776,2.5461764,6
9295,0.33147785,0.40730065,2.0521464,7
9296,0.66443735,0.70307434,1.3113377,8
9297,0.31919968,0.76598394,3.6719515,9
9298,0.09628369,0.48303974,2.3979478,10
9299,0.30402967,0.28116992,5.214398,11
9300,0.12502468,0.10260327,3.9360304,12
9301,0.34556824,0.19749776,3.7106295,13
9302,0.08834398,0.6087703,2.5905795,14
9303,0.2065292,0.013654671,4.3825,15
9304,0.14996678,0.22812383,5.6692214,16
9305,0.8945944,0.2902616,3.45276,17
9306,0.16870673,0.27328932,5.3062987,18
9307,0.8067869,0.18443853,1.8842489,19
9308,0.06261408,0.18439722,3.1976173,20
9309,0.33070308,0.24139562,3.3644402,21
9310,0.085413314,0.2180532,3.7406852,22
9311,0.07223982,0.31507948,4.294778,23
9312,0.53800553,0.24104702,4.0908356,0
9313,0.09981276,0.99987924,1.4667885,1
9314,0.44639373,0.67392665,3.9251282,2
9315,0.31533813,0.29707906,2.7967334,3
9316,0.58996433,0.42876995,4.6847453,4
9317,0.65290135,0.69550794,2.8142068,5
9318,0.8000589,0.47004318,3.3511715,6
9319,0.2764802,0.30083713,2.4629352,7
9320,0.6979625,0.38298577,1.8216084,8
9321,0.17379776,0.7976647,2.505169,9
9322,0.031529732,0.91562676,1.1703007,10
9323,0.37850422,0.33146977,3.6757278,11
9324,0.14703947,0.16462597,5.526449,12
9325,0.31989545,0.25941572,2.700438,13
9326,0.13885532,0.37428418,1.8496666,14
9327,0.1075105,0.24975273,2.5298882,15
9328,0.2111796,0.34574884,4.570542,16
9329,0.76861674,0.6412858,5.6237173,17
9330,0.1805497,0.11087548,5.288781,18
9331,0.6590802,0.15415801,2.1427817,19
9332,0.15597561,0.57090837,1.0830919,20
9333,0.38585508,0.29737097,4.633666,21
9334,0.19915168,0.070377156,4.6267395,22
9335,0.36469147,0.8418002,1.5143157,23
9336,0.2972522,0.45475397,3.1260471,0
9337,0.08279792,0.9871314,1.1159977,1
9338,0.88337046,0.75163215,4.986039,2
9339,0.3840347,0.5018163,3.0768692,3
9340,0.7598991,0.2209849,5.0795345,4
9341,0.43068445,0.44749132,2.160628,5
9342,0.83893377,0.5569118,2.8752139,6
9343,0.36823446,0.26172894,3.8195682,7
9344,0.828055,0.59580666,1.5062118,8
9345,0.32423946,0.73740685,2.3784668,9
9346,0.24086757,0.12938492,1.9357443,10
9347,0.28672388,0.3235083,4.3529067,11
9348,0.14761727,0.15213911,4.718016,12
9349,0.23900056,0.39717376,2.7398062,13
9350,0.13286376,0.37196466,3.340969,14
9351,0.059328623,0.33112007,1.8362954,15
9352,0.18700938,0.30176833,6.916938,16
9353,0.913997,0.3240299,4.9561296,17
9354,0.27045664,0.110609874,4.8644266,18
9355,0.7249768,0.19649443,2.420602,19
9356,0.12460912,0.16801551,2.086224,20
9357,0.26515344,0.2609311,3.7654386,21
9358,0.2697093,0.11897954,3.113544,22
9359,0.13526061,0.48932636,1.2482505,23
9360,0.57047457,0.41718814,3.564135,0
9361,0.10748578,0.00570028,1.9019597,1
9362,0.7201113,0.72616994,4.1673155,2
9363,0.33803195,0.27295673,3.1335804,3
9364,0.50964195,0.2510952,2.3529143,4
9365,0.54352987,0.6585008,1.6704335,5
9366,0.6196801,0.7385061,3.0444741,6
9367,0.36506933,0.30465606,2.6972675,7
9368,0.89028585,0.6058014,2.272821,8
9369,0.36924905,0.47335464,2.52265,9
9370,0.02416381,0.44510683,0.9764492,10
9371,0.28142303,0.28360346,5.9029427,11
9372,0.15312394,0.14379783,5.575547,12
9373,0.42140833,0.1839775,4.3987994,13
9374,0.20114656,0.35840705,3.8105974,14
9375,0.13094904,0.11037921,4.301681,15
9376,0.25820714,0.46317756,6.5169992,16
9377,0.7696715,0.23469658,3.231578,17
9378,0.25338212,0.13103952,4.8032494,18
9379,0.7853015,0.21970713,3.3497632,19
9380,0.08803695,0.3217586,1.8405917,20
9381,0.42977232,0.21886502,4.1294994,21
9382,0.23336805,0.275713,1.5255313,22
9383,0.3719028,0.669126,1.535001,23
9384,0.8719144,0.47190043,4.1283245,0
9385,0.13292176,0.69007874,1.3564017,1
9386,0.75335306,0.5905723,4.753122,2
9387,0.2867002,0.53769433,6.264615,3
9388,0.38016823,0.5713119,5.571745,4
9389,0.2950577,0.56769174,2.5987077,5
9390,0.5624481,0.5598686,2.4599013,6
9391,0.20924576,0.2488352,1.5674667,7
9392,0.8471888,0.9752417,3.449494,8
9393,0.39370555,0.7019421,1.7841012,9
9394,0.16652825,0.060275327,3.2575278,10
9395,0.28469044,0.24386066,4.9715295,11
9396,0.20643093,0.1105326,5.156008,12
9397,0.294874,0.2067037,3.5242298,13
9398,0.24759822,0.3917901,2.1067326,14
9399,0.07148054,0.14763536,1.8939378,15
9400,0.34345207,0.28663674,5.0547166,16
9401,0.90021455,0.7360897,4.4215775,17
9402,0.25645235,0.10755473,5.7677755,18
9403,0.8565632,0.13825853,3.5865808,19
9404,0.115014434,0.15253863,2.7813883,20
9405,0.26301286,0.36178,5.0138955,21
9406,0.19816831,0.24171115,2.8604345,22
9407,0.08039058,0.5805036,1.9624228,23
9408,0.8086145,0.47763583,2.7457047,0
9409,0.09413207,0.9374817,1.9581709,1
9410,0.69732577,0.60439694,6.4546113,2
9411,0.64184654,0.38252255,5.7763815,3
9412,0.81814075,0.24380034,4.8995914,4
9413,0.5969198,0.40709186,1.230013,5
9414,0.6537049,0.5286863,1.7418685,6
9415,0.18777554,0.33530977,3.7521183,7
9416,0.87745,0.7162881,1.0418476,8
9417,0.5449384,0.63809216,1.2678188,9
9418,0.07581064,0.18287751,1.30216,10
9419,0.5392081,0.2785186,4.6428843,11
9420,0.13091357,0.110563986,6.2918377,12
9421,0.3684354,0.1550092,2.709783,13
9422,0.18734454,0.25485972,2.4669716,14
9423,0.05658213,0.9816824,1.0669711,15
9424,0.14295568,0.35486013,5.296975,16
9425,0.47201398,0.45925066,3.665728,17
9426,0.20366085,0.23782015,5.127836,18
9427,0.6318452,0.19686447,4.007475,19
9428,0.15311235,0.14861737,2.3202853,20
9429,0.41014135,0.20027956,4.785199,21
9430,0.15592419,0.15029304,4.492815,22
9431,0.65362644,0.9205293,0.89234203,23
9432,0.50490904,0.42029268,4.8021936,0
9433,0.09184904,0.99711573,2.4531527,1
9434,0.80413663,0.64979595,4.1376414,2
9435,0.39788917,0.29469293,3.5618207,3
9436,0.34940746,0.27748638,3.3222494,4
9437,0.5038862,0.36421025,2.1331346,5
9438,0.76013064,0.5384383,2.3067565,6
9439,0.13998312,0.3320541,4.5218515,7
9440,0.6560007,0.7865549,1.5410055,8
9441,0.2810163,0.5678685,2.181552,9
9442,0.17725816,0.8213519,0.5847362,10
9443,0.39919066,0.2822127,4.4548364,11
9444,0.23759788,0.111606956,3.4639227,12
9445,0.3099491,0.13633761,4.201826,13
9446,0.14928982,0.6403454,2.0624106,14
9447,0.26702273,0.022154447,2.680215,15
9448,0.26269463,0.28693563,6.1122937,16
9449,0.8662118,0.5568102,4.566573,17
9450,0.197905,0.12621106,6.0380297,18
9451,0.7093279,0.10170945,2.3416262,19
9452,0.06510113,0.6140059,1.2266388,20
9453,0.28646767,0.30180997,4.345667,21
9454,0.16391589,0.09621782,3.4325294,22
9455,0.6337034,0.8993712,1.003308,23
9456,0.69980365,0.28991252,3.9008844,0
9457,0.15249115,0.07269644,2.0594862,1
9458,0.53762233,0.67358655,3.5241225,2
9459,0.49381343,0.32426038,2.5677729,3
9460,0.77309096,0.21235698,3.484846,4
9461,0.60671645,0.60562164,1.0811251,5
9462,0.38821626,0.61105216,2.3795292,6
9463,0.19977772,0.23659731,2.1428535,7
9464,0.65594,0.7645317,2.4374447,8
9465,0.24934232,0.8479811,2.7119288,9
9466,0.16446754,0.0739476,2.8799586,10
9467,0.33742428,0.2384293,5.778385,11
9468,0.1989718,0.0837942,4.6780186,12
9469,0.31785846,0.17342745,3.6731586,13
9470,0.20607649,0.21360256,1.9307053,14
9471,0.0865373,0.75282097,1.4048874,15
9472,0.17272104,0.31162912,4.731913,16
9473,0.54819506,0.3199311,2.591579,17
9474,0.1969788,0.17229982,4.5885525,18
9475,0.51817787,0.292987,3.8541684,19
9476,0.18521693,0.12721805,3.1760561,20
9477,0.28752136,0.27776295,3.661553,21
9478,0.08828004,0.16130419,3.6780672,22
9479,0.16712697,0.36716402,2.582078,23
9480,0.7037053,0.44932276,3.2899902,0
9481,0.055247597,0.6322907,2.2798362,1
9482,0.7323214,0.7895789,5.113792,2
9483,0.45711327,0.3914382,1.695485,3
9484,0.839828,0.24822241,4.3818636,4
9485,0.4833207,0.7807286,2.3835433,5
9486,0.43889734,0.4640948,2.0221858,6
9487,0.35760602,0.5063195,2.957709,7
9488,0.7343753,0.61101425,1.4617605,8
9489,0.50164366,0.8867025,3.2501006,9
9490,0.063897245,0.98692304,1.0057489,10
9491,0.27321553,0.23780204,4.0893965,11
9492,0.3321157,0.12415994,3.4176805,12
9493,0.31234804,0.20534456,4.2427335,13
9494,0.1885381,0.2603221,3.0368137,14
9495,0.07576054,0.11551624,3.0446317,15
9496,0.19970778,0.25397274,5.060467,16
9497,0.73083556,0.5479089,4.036198,17
9498,0.1863977,0.15854287,5.2062244,18
9499,0.91881377,0.38650683,2.1751926,19
9500,0.14371127,0.4074841,1.0912654,20
9501,0.40945888,0.13221462,3.5022771,21
9502,0.10504339,0.10814585,4.4024434,22
9503,0.09282782,0.8428813,1.9343364,23
9504,0.53119737,0.4283316,3.0457373,0
9505,0.117568254,0.50430083,1.7205784,1
9506,0.72125626,0.6198668,3.3087847,2
9507,0.38573426,0.46429884,3.7391062,3
9508,0.47509187,0.29167426,4.6657305,4
9509,0.43548453,0.6740392,1.5891893,5
9510,0.24804154,0.6878964,2.9662838,6
9511,0.14403184,0.25890273,2.185828,7
9512,0.60508907,0.921237,2.0667365,8
9513,0.4784763,0.3686846,1.6925039,9
9514,0.08108371,0.73470306,2.0473,10
9515,0.53125334,0.23146959,4.5052733,11
9516,0.25053552,0.11799677,4.032753,12
9517,0.34958136,0.3642218,4.437697,13
9518,0.20015897,0.28321877,3.378861,14
9519,0.13000607,0.58990747,2.5645566,15
9520,0.23427625,0.3221752,4.5100107,16
9521,0.7904266,0.6738668,4.451553,17
9522,0.11159527,0.18997814,6.9469,18
9523,0.75109184,0.21556419,3.2457092,19
9524,0.2203336,0.37054348,2.9990056,20
9525,0.29147315,0.19306667,4.31092,21
9526,0.2391298,0.18630406,3.0212605,22
9527,0.42552355,0.9063272,1.07684,23
9528,0.5789361,0.15607429,4.370201,0
9529,0.073048435,0.991052,1.2504387,1
9530,0.7245873,0.616883,4.8666334,2
9531,0.30716053,0.35221207,4.489158,3
9532,0.45479196,0.39557692,5.563352,4
9533,0.5576292,0.4097422,2.931392,5
9534,0.74184346,0.505425,3.3568482,6
9535,0.32869065,0.39713657,3.130567,7
9536,0.78115976,0.35000607,1.3777616,8
9537,0.1974943,0.8735407,3.0862927,9
9538,0.03166251,0.6487005,2.6536057,10
9539,0.44118753,0.15067902,4.5002933,11
9540,0.23306039,0.13743754,3.5670013,12
9541,0.37985745,0.25875923,2.541893,13
9542,0.13547474,0.2861206,2.5579228,14
9543,0.22187202,0.009215851,4.9830346,15
9544,0.15114485,0.36364514,4.928737,16
9545,0.6998274,0.44251028,5.3374596,17
9546,0.16123632,0.19549724,3.902707,18
9547,0.7540384,0.14089766,2.8091516,19
9548,0.11339453,0.18485102,2.287445,20
9549,0.39929035,0.11531231,3.2095025,21
9550,0.091219455,0.062762335,5.663598,22
9551,0.24808644,0.7661019,2.6145673,23
9552,0.78153664,0.43000448,3.803608,0
9553,0.15233405,0.083134085,1.0506202,1
9554,0.64787334,0.36760604,4.5356464,2
9555,0.4343242,0.40025786,3.1562757,3
9556,0.5894203,0.38785705,4.4268303,4
9557,0.51993775,0.58930445,1.848436,5
9558,0.3531895,0.38242546,2.2558725,6
9559,0.10507101,0.3909211,2.4151132,7
9560,0.86321014,0.9141859,1.7866938,8
9561,0.2286134,0.70840245,2.703389,9
9562,0.04892645,0.073497236,2.066995,10
9563,0.43179077,0.2686214,4.662229,11
9564,0.17190862,0.181461,4.290659,12
9565,0.31355137,0.25834465,4.8161845,13
9566,0.19499132,0.3400712,3.080162,14
9567,0.13774857,0.020513805,4.733942,15
9568,0.21820886,0.2120581,4.213814,16
9569,0.7866135,0.5971518,4.1691976,17
9570,0.16465381,0.14866696,5.3612204,18
9571,0.6219851,0.20128325,2.9813573,19
9572,0.070235565,0.25628826,2.071767,20
9573,0.5231296,0.2172198,4.358777,21
9574,0.12004653,0.118514955,3.6705928,22
9575,0.07702695,0.89862216,2.1744363,23
9576,0.82253987,0.31941992,3.8160248,0
9577,0.079614535,0.8255246,1.4773977,1
9578,0.62874013,0.6937631,5.4427395,2
9579,0.5675373,0.45012727,3.0170274,3
9580,0.60570866,0.31745952,6.564808,4
9581,0.4289104,0.6225445,1.9983174,5
9582,0.7588979,0.65431035,2.6876986,6
9583,0.2448433,0.39637262,3.1468945,7
9584,0.7722869,0.83462036,1.4008139,8
9585,0.24206917,0.54156196,2.5525503,9
9586,0.09384,0.9707675,0.69836235,10
9587,0.44946346,0.20270395,5.082446,11
9588,0.09939896,0.34236947,4.964924,12
9589,0.4033811,0.17451487,3.252397,13
9590,0.14034626,0.49546015,4.6695185,14
9591,0.040703427,0.23725177,1.4112692,15
9592,0.25547993,0.29432246,5.081214,16
9593,0.8700499,0.50137836,5.2541294,17
9594,0.12044136,0.22151785,5.442622,18
9595,0.76951694,0.3652779,2.2992394,19
9596,0.1793463,0.5482733,1.0405049,20
9597,0.41782477,0.3724122,3.7737725,21
9598,0.11276902,0.19636571,3.0351796,22
9599,0.19013168,0.6158434,2.0491784,23
9600,0.38895437,0.354475,2.169201,0
9601,0.14234324,0.2592412,1.8347228,1
9602,0.77643675,0.41282383,4.17613,2
9603,0.32212746,0.5026765,2.2267656,3
9604,0.6339157,0.36338374,3.9008389,4
9605,0.6246317,0.4800813,3.3964455,5
9606,0.36778542,0.49642596,1.642381,6
9607,0.20800374,0.2606557,2.7464013,7
9608,0.496528,0.7609908,2.1011643,8
9609,0.25664586,0.68575466,2.6519732,9
9610,0.13225402,0.31863448,1.3836801,10
9611,0.347596,0.41388762,5.922342,11
9612,0.030952986,0.14822711,4.0190477,12
9613,0.47713533,0.22642025,3.613152,13
9614,0.20879932,0.2705234,2.490199,14
9615,0.12500666,0.003702175,5.2234454,15
9616,0.27052096,0.27332872,4.2065287,16
9617,0.8234373,0.29885152,2.5492337,17
9618,0.22119643,0.19840626,4.9982443,18
9619,0.8252345,0.11370947,2.9769,19
9620,0.071360655,0.102042295,3.5981255,20
9621,0.4558931,0.2071188,2.5616689,21
9622,0.0935138,0.33673522,2.7034988,22
9623,0.034332633,0.4338753,2.161735,23
9624,0.69875205,0.4056267,4.2305665,0
9625,0.11869655,0.0042846217,0.96992826,1
9626,0.5321103,0.52432597,5.2372293,2
9627,0.3423948,0.30717507,4.403887,3
9628,0.742228,0.25966987,4.99029,4
9629,0.47696108,0.24678072,1.0885246,5
9630,0.6641366,0.5757384,4.1607428,6
9631,0.37736905,0.37214896,2.093676,7
9632,0.67234874,0.8566756,2.1122453,8
9633,0.36191714,0.7811054,1.7323232,9
9634,0.016920386,0.7837814,1.1193042,10
9635,0.2062717,0.27301964,4.859629,11
9636,0.05972225,0.16772841,4.2099905,12
9637,0.28517938,0.24043679,2.474441,13
9638,0.23179112,0.24463792,2.3120115,14
9639,0.106186494,0.11008592,1.8461441,15
9640,0.16459204,0.4296524,4.816279,16
9641,0.886972,0.7336211,4.142066,17
9642,0.1579433,0.23013675,6.078968,18
9643,0.5105787,0.16992226,1.4326082,19
9644,0.09602799,0.18599309,1.6336007,20
9645,0.30791247,0.2739051,5.0645394,21
9646,0.13665974,0.08889276,4.127668,22
9647,0.020169618,0.2359494,2.4546473,23
9648,0.6723588,0.41093144,3.47575,0
9649,0.1894301,0.98586744,0.74973154,1
9650,0.8170217,0.46059355,3.1569722,2
9651,0.17386545,0.32078233,2.4657073,3
9652,0.4956644,0.41362232,5.4788046,4
9653,0.69761646,0.52282953,1.6007848,5
9654,0.6580293,0.41249228,2.429821,6
9655,0.2118434,0.21229029,2.2306511,7
9656,0.54976404,0.6434919,1.4310913,8
9657,0.4245237,0.59263563,1.6162822,9
9658,0.1721865,0.041187692,2.4609365,10
9659,0.40593836,0.27907416,5.4092503,11
9660,0.33258373,0.109594926,4.7749248,12
9661,0.17667472,0.3095721,4.4077926,13
9662,0.14073557,0.44558457,2.342214,14
9663,0.0954529,0.026786903,3.8102703,15
9664,0.3284853,0.17748359,4.8680897,16
9665,0.709442,0.38783646,3.1427693,17
9666,0.15158351,0.19927774,7.297597,18
9667,0.8556687,0.28864464,2.959151,19
9668,0.069922365,0.18280344,2.67527,20
9669,0.3579048,0.3056368,3.1500335,21
9670,0.13775438,0.09187694,6.512519,22
9671,0.066743314,0.39726418,2.402695,23
9672,0.627657,0.27408278,3.006518,0
9673,0.056236524,0.17416161,1.0663838,1
9674,0.79148716,0.61053747,4.4828,2
9675,0.623086,0.44288516,3.5715065,3
9676,0.81354505,0.36028686,6.46802,4
9677,0.5370462,0.48620456,2.4125705,5
9678,0.73429626,0.6533747,2.7317538,6
9679,0.2882522,0.35830614,3.4269052,7
9680,0.6869962,0.64942527,3.4352555,8
9681,0.29795197,0.7261343,2.582338,9
9682,0.20412229,0.07877663,2.186265,10
9683,0.41470185,0.28201583,6.257945,11
9684,0.15380476,0.23793139,5.3176756,12
9685,0.44094402,0.16634497,3.5554507,13
9686,0.23026234,0.40687782,4.2329493,14
9687,0.053050492,0.065521255,3.3342597,15
9688,0.39751282,0.17950241,4.0390353,16
9689,0.77626264,0.3701593,1.8849931,17
9690,0.1494889,0.092758566,5.35658,18
9691,0.52325773,0.41845682,3.8360653,19
9692,0.17056644,0.20724554,2.2143188,20
9693,0.37583524,0.11339005,3.5460207,21
9694,0.15224414,0.17504525,3.8574865,22
9695,0.24060984,0.7392905,1.1095753,23
9696,0.40448782,0.5867902,3.4901347,0
9697,0.20032802,0.99532723,1.6205901,1
9698,0.6498097,0.67910475,3.80726,2
9699,0.43875203,0.29815722,3.17702,3
9700,0.75239563,0.4273405,4.601907,4
9701,0.40835133,0.68241614,1.5392485,5
9702,0.627975,0.69741523,1.4847538,6
9703,0.16464989,0.13108896,1.6672642,7
9704,0.6066853,0.74261165,1.5860258,8
9705,0.22464396,0.7891369,1.525256,9
9706,0.027723368,0.3767845,2.4503489,10
9707,0.47680917,0.18847723,5.9233894,11
9708,0.0999332,0.14096658,5.075392,12
9709,0.43987462,0.13652563,4.3625536,13
9710,0.09185807,0.33770195,2.3489518,14
9711,0.15167077,0.072605506,2.9644022,15
9712,0.26117718,0.27447152,3.6587074,16
9713,0.50200737,0.40689123,2.0214555,17
9714,0.14767843,0.122821756,6.0751886,18
9715,0.6502017,0.08219299,2.7923245,19
9716,0.0844255,0.6928972,1.8791693,20
9717,0.51329845,0.097281925,2.8113294,21
9718,0.13771343,0.18344119,2.7064905,22
9719,0.19934075,0.8704416,1.2794328,23
9720,0.7309958,0.45336494,4.5984225,0
9721,0.16385323,0.019047897,1.4127396,1
9722,0.7854761,0.65793705,2.9181194,2
9723,0.5189749,0.26972708,2.8905625,3
9724,0.6624674,0.34893888,5.318727,4
9725,0.38389078,0.60729647,2.0056238,5
9726,0.6000612,0.7699818,2.7646832,6
9727,0.28931475,0.28882244,2.6270473,7
9728,0.6109988,0.651282,1.7307913,8
9729,0.39160317,0.49821314,1.5315895,9
9730,0.07353936,0.48567975,0.9193226,10
9731,0.46015978,0.29582193,4.7661633,11
9732,0.12668042,0.3051846,3.7652378,12
9733,0.45647788,0.17532404,4.273032,13
9734,0.094062395,0.31912452,1.6412622,14
9735,0.08661703,0.5743519,1.6644495,15
9736,0.21855646,0.22798689,6.1102247,16
9737,0.77047753,0.47379902,3.746334,17
9738,0.23372555,0.10172217,4.950315,18
9739,0.7209749,0.073314734,2.473013,19
9740,0.0756374,0.14630088,4.6203194,20
9741,0.4634953,0.3613509,3.9919558,21
9742,0.13399677,0.13160226,4.284449,22
9743,0.039219003,0.48380858,2.2442791,23
9744,0.766038,0.42063123,2.1865973,0
9745,0.10561523,0.82129663,1.6068715,1
9746,0.5957239,0.6614901,4.6587043,2
9747,0.48109704,0.46255305,4.072891,3
9748,0.53337467,0.35160232,4.7414327,4
9749,0.5480749,0.4150388,1.8389134,5
9750,0.73325574,0.43869594,3.0842721,6
9751,0.31730515,0.2511228,3.2784436,7
9752,0.59669065,0.6798041,2.245801,8
9753,0.29633656,0.89268905,4.0707536,9
9754,0.0676519,0.016278148,2.4173405,10
9755,0.21253762,0.22290154,4.158826,11
9756,0.17224558,0.16927981,3.7502728,12
9757,0.3764146,0.20495512,5.027727,13
9758,0.19287625,0.20482779,3.4640477,14
9759,0.22283146,0.7931223,1.9630904,15
9760,0.23051727,0.28682902,5.944874,16
9761,0.6546588,0.40933177,2.7981865,17
9762,0.18529601,0.15322486,4.9943867,18
9763,0.7420547,0.32238325,2.8744774,19
9764,0.32382104,0.14250536,2.2783663,20
9765,0.40537673,0.23209146,4.117005,21
9766,0.10665122,0.23019132,2.2841096,22
9767,0.048660755,0.84838796,2.2042062,23
9768,0.47721785,0.42677048,2.0521984,0
9769,0.059182867,0.8314458,2.091834,1
9770,0.71326053,0.7235731,3.9352784,2
9771,0.4240411,0.40529704,3.882897,3
9772,0.76773393,0.35298654,5.4694753,4
9773,0.61083853,0.34217852,1.641228,5
9774,0.5598038,0.48284167,3.2848763,6
9775,0.3131971,0.34604853,3.1237855,7
9776,0.56175137,0.67165816,2.1818945,8
9777,0.40682065,0.63190323,2.620463,9
9778,0.2353969,0.08946321,2.1101136,10
9779,0.30917203,0.26268622,5.5666943,11
9780,0.10520257,0.22117302,4.4425755,12
9781,0.27926573,0.36034325,2.9955382,13
9782,0.20758514,0.4593941,5.2810106,14
9783,0.112710476,0.023735205,6.3700676,15
9784,0.22648807,0.21033081,4.856046,16
9785,0.76687276,0.59464645,6.708497,17
9786,0.2622039,0.099833004,6.11786,18
9787,0.65277344,0.35871878,2.4752185,19
9788,0.18852091,0.13320106,1.7363685,20
9789,0.5438646,0.29622146,3.9333162,21
9790,0.11504889,0.29505265,2.8682828,22
9791,0.33303958,0.65850705,1.7166466,23
9792,0.80006796,0.20944805,3.1582246,0
9793,0.08355168,0.9650113,1.6655364,1
9794,0.79947627,0.6813152,5.5854445,2
9795,0.3637435,0.25698853,4.5366545,3
9796,0.49332833,0.29835743,4.6301246,4
9797,0.58947253,0.4166971,2.4850228,5
9798,0.8070378,0.5541352,2.7681513,6
9799,0.32992318,0.28497222,3.5726233,7
9800,0.77435476,0.7748822,2.455259,8
9801,0.22332451,0.755382,1.4314582,9
9802,0.10516979,0.083693005,2.02904,10
9803,0.3140955,0.29087985,6.2626715,11
9804,0.1365072,0.0850459,5.550077,12
9805,0.58783245,0.2484719,5.2561116,13
9806,0.21636036,0.20172216,2.8154945,14
9807,0.125551,0.14046796,3.8964658,15
9808,0.21088305,0.3752917,5.840869,16
9809,0.79689354,0.2830598,3.1137097,17
9810,0.20730552,0.18907927,5.1439257,18
9811,0.69313186,0.2897308,3.291246,19
9812,0.058368832,0.6278275,1.6437871,20
9813,0.30547622,0.3346458,2.106014,21
9814,0.1723361,0.25425044,3.0797088,22
9815,0.073789485,0.6280049,2.356951,23
9816,0.52383584,0.4786585,4.9777274,0
9817,0.10500364,0.06330191,1.9462411,1
9818,0.5595448,0.509451,3.279801,2
9819,0.5901751,0.4191191,3.4834719,3
9820,0.68861514,0.39883283,5.1043644,4
9821,0.50979835,0.6785489,2.242762,5
9822,0.63732773,0.29790315,3.455635,6
9823,0.37644053,0.32419318,4.466186,7
9824,0.8210301,0.78080434,2.2968235,8
9825,0.46409273,0.71059453,1.6883367,9
9826,0.044344824,0.040849432,2.9291735,10
9827,0.2888646,0.27785707,4.645367,11
9828,0.10427909,0.14776835,3.5239375,12
9829,0.41546375,0.15773566,4.6803265,13
9830,0.26125264,0.22474635,2.6007864,14
9831,0.14812244,0.21249823,3.7543604,15
9832,0.14304104,0.25518897,4.8557954,16
9833,0.54182786,0.54557514,4.4364114,17
9834,0.14016637,0.15836468,6.1583905,18
9835,0.78609365,0.13324931,1.897164,19
9836,0.20206727,0.083609626,2.5774214,20
9837,0.3555775,0.11897312,4.1988163,21
9838,0.105611496,0.11675566,6.6365414,22
9839,0.1889545,0.42363343,0.97125554,23
9840,0.4361663,0.477431,3.2519042,0
9841,0.3608896,0.42662925,1.4864585,1
9842,0.56923735,0.5108357,4.4134836,2
9843,0.528417,0.4650337,2.5898707,3
9844,0.76113397,0.24556248,3.2074394,4
9845,0.4615578,0.32614055,2.1213057,5
9846,0.67591286,0.6634484,3.5546696,6
9847,0.39077982,0.3686671,2.6923847,7
9848,0.653667,0.6192696,1.3843526,8
9849,0.3072697,0.70927006,2.1031978,9
9850,0.13158914,0.22755319,1.5249676,10
9851,0.35482535,0.2106889,3.5912485,11
9852,0.09156977,0.1730581,5.356223,12
9853,0.5207319,0.20763753,4.4959674,13
9854,0.12711169,0.37887385,2.9225993,14
9855,0.13094029,0.058972336,4.885216,15
9856,0.15348937,0.4705046,5.534046,16
9857,0.7856451,0.5436048,4.700787,17
9858,0.19695236,0.104848355,6.3419967,18
9859,0.5438861,0.26730993,3.3797,19
9860,0.1584728,0.22237411,1.3350737,20
9861,0.43982753,0.12319561,3.267118,21
9862,0.08420176,0.090226024,4.399327,22
9863,0.36397806,0.7834295,1.6066558,23
9864,0.50667983,0.42483437,4.472578,0
9865,0.09129907,0.027067984,1.5972614,1
9866,0.76363885,0.60652447,5.491581,2
9867,0.48909277,0.32111722,4.4673142,3
9868,0.64037454,0.3865581,6.4166813,4
9869,0.56835026,0.3845821,2.1356032,5
9870,0.5044163,0.2884538,1.3539448,6
9871,0.2159161,0.35141912,4.059864,7
9872,0.63640016,0.4790722,2.3405495,8
9873,0.3686564,0.80260766,3.3342195,9
9874,0.12713934,0.5467863,1.9923295,10
9875,0.21803376,0.25828415,4.4761796,11
9876,0.13572337,0.2302636,4.17301,12
9877,0.41806108,0.24088475,2.4825318,13
9878,0.103276156,0.21922056,2.6553187,14
9879,0.21268764,0.6211747,1.9509068,15
9880,0.34650353,0.2947743,6.4161663,16
9881,0.81351966,0.34537134,2.7860599,17
9882,0.17336278,0.13650419,6.291525,18
9883,0.7633507,0.48765743,3.9984322,19
9884,0.11948206,0.13150427,3.3113623,20
9885,0.43130714,0.30026072,4.3295407,21
9886,0.07242609,0.104264595,5.350902,22
9887,0.33929706,0.9280705,1.5668845,23
9888,0.5895069,0.26819906,2.962928,0
9889,0.31343195,0.9105319,0.95832795,1
9890,0.68553025,0.5722803,3.4590054,2
9891,0.5435171,0.38155726,3.5787864,3
9892,0.7078358,0.3710738,6.021904,4
9893,0.6434101,0.60766363,1.7766309,5
9894,0.6876666,0.43451458,2.0859175,6
9895,0.17011087,0.22898652,2.8183463,7
9896,0.71464723,0.76274824,0.923905,8
9897,0.6649013,0.35029382,1.4370131,9
9898,0.28598133,0.07657249,3.1274872,10
9899,0.39123392,0.36185724,5.7442946,11
9900,0.22155744,0.13021614,3.855363,12
9901,0.33377016,0.14295673,2.867063,13
9902,0.12724699,0.24533132,2.6661837,14
9903,0.24212566,0.049687505,4.868948,15
9904,0.20839784,0.18793896,3.8918524,16
9905,0.8904958,0.4035845,3.860312,17
9906,0.1686052,0.15284745,5.7008934,18
9907,0.55328524,0.19239718,2.1773725,19
9908,0.06851242,0.12865365,3.3971283,20
9909,0.34893417,0.46122473,5.31972,21
9910,0.24176836,0.1794317,2.5218248,22
9911,0.039788075,0.5170757,3.1208227,23
9912,0.43442717,0.49252588,3.439569,0
9913,0.15700692,0.8371632,2.5270832,1
9914,0.64048564,0.6730758,5.096774,2
9915,0.28938636,0.45409727,3.8006198,3
9916,0.6630349,0.4499897,6.258735,4
9917,0.3690483,0.6502562,2.6904619,5
9918,0.62023336,0.86650884,3.7904577,6
9919,0.20445435,0.33019596,2.9178233,7
9920,0.7503497,0.824245,1.7032057,8
9921,0.24236435,0.6429604,2.5029573,9
9922,0.19597624,0.06464989,3.4632204,10
9923,0.40999237,0.30282667,4.449457,11
9924,0.0646498,0.24469116,4.1279144,12
9925,0.3397275,0.2413239,3.805294,13
9926,0.15254185,0.6811525,5.2475586,14
9927,0.05029486,0.987571,0.73806477,15
9928,0.20735316,0.256589,4.967671,16
9929,0.7081522,0.43014416,5.5226965,17
9930,0.18411118,0.24344374,3.9582953,18
9931,0.72120804,0.40856662,3.8915756,19
9932,0.10217861,0.15436676,2.9317296,20
9933,0.49793676,0.08825368,2.6006029,21
9934,0.17287278,0.08635248,4.518054,22
9935,0.4578079,0.7454934,1.4437479,23
9936,0.72754246,0.5634142,4.21633,0
9937,0.1282306,0.2929393,2.3122776,1
9938,0.65686166,0.586899,4.6480565,2
9939,0.28321162,0.5100758,4.4464383,3
9940,0.62681425,0.28790653,4.1915317,4
9941,0.6203084,0.46351454,1.0416286,5
9942,0.6239715,0.56090075,2.1086435,6
9943,0.3564499,0.27293077,3.014263,7
9944,0.8671564,0.7339015,2.365998,8
9945,0.35136044,0.66088444,1.6749692,9
9946,0.16136792,0.027447572,2.539341,10
9947,0.4817155,0.16780055,4.723911,11
9948,0.11210045,0.09426192,4.3063335,12
9949,0.38497898,0.17993583,3.9105752,13
9950,0.12076167,0.25976318,4.1968117,14
9951,0.14242674,0.8169467,1.8904465,15
9952,0.16539572,0.24389127,4.5181694,16
9953,0.9106157,0.3465297,3.25525,17
9954,0.20579089,0.22160818,6.579184,18
9955,0.69933754,0.17203766,1.6748132,19
9956,0.07043232,0.51786155,1.646133,20
9957,0.65885955,0.12621263,4.0319266,21
9958,0.098296285,0.15698889,5.406827,22
9959,0.12123237,0.35079333,1.4844776,23
9960,0.72594243,0.43481898,3.7327158,0
9961,0.12896883,0.007849618,1.3479099,1
9962,0.5237475,0.26717386,3.3893585,2
9963,0.5073052,0.18840028,4.3009706,3
9964,0.5692227,0.3670296,4.030922,4
9965,0.47523156,0.6868559,2.43254,5
9966,0.56844264,0.5590631,2.8027275,6
9967,0.32076696,0.45725408,4.2196093,7
9968,0.8107294,0.8591521,1.8057086,8
9969,0.42818674,0.35198474,1.6244316,9
9970,0.06913318,0.24520345,1.5107973,10
9971,0.390624,0.22539885,4.792376,11
9972,0.16077541,0.113437414,4.804175,12
9973,0.41850418,0.20088257,3.8706114,13
9974,0.2300649,0.29698634,2.6655016,14
9975,0.22530432,0.019084917,3.857858,15
9976,0.13041429,0.28332144,4.250796,16
9977,0.61414653,0.3565592,3.9945593,17
9978,0.23399395,0.090502456,6.5638046,18
9979,0.51191926,0.1526662,3.0048668,19
9980,0.10415514,0.66434824,1.1351429,20
9981,0.45548955,0.3832885,4.044157,21
9982,0.1481906,0.103287354,2.8187776,22
9983,0.114384726,0.7602645,1.8996177,23
9984,0.58446586,0.5803928,2.737804,0
9985,0.11167512,0.88881224,1.8210648,1
9986,0.56571925,0.5896193,5.393782,2
9987,0.18564828,0.37513763,3.950937,3
9988,0.48415864,0.28418398,6.025879,4
9989,0.48250622,0.2516886,2.0635257,5
9990,0.48097032,0.70905566,2.826272,6
9991,0.24018313,0.57367915,2.4735298,7
9992,0.83173865,0.7412464,1.3834494,8
9993,0.22511587,0.6047002,2.1857965,9
9994,0.19673519,0.8997579,1.8726159,10
9995,0.46365708,0.24519476,4.787594,11
9996,0.090916425,0.23185104,4.6835957,12
9997,0.3062608,0.13473608,3.506133,13
9998,0.18462533,0.2639326,3.0222006,14
9999,0.1951597,0.46011487,2.2560365,15
10000,0.22198743,0.28007227,4.4459524,16
10001,0.8054392,0.18007928,3.3452356,17
10002,0.11212718,0.22756322,5.6967506,18
10003,0.69954133,0.19399941,3.7263057,19
10004,0.09075776,0.035988253,4.685105,20
10005,0.2505261,0.2591793,4.634177,21
10006,0.08652991,0.33634114,3.12758,22
10007,0.38372397,0.7308895,0.9565635,23
10008,0.7302009,0.24235117,3.9962735,0
10009,0.18033476,0.27957794,2.0305405,1
10010,0.8077607,0.6638643,2.8427687,2
10011,0.44423887,0.41041154,3.8736842,3
10012,0.46344712,0.35619992,3.568313,4
10013,0.59018004,0.7071651,2.3014472,5
10014,0.7333576,0.43406442,2.2774935,6
10015,0.3180476,0.2803349,3.7113976,7
10016,0.65714794,0.5369674,1.260138,8
10017,0.21279663,0.63314027,4.7711663,9
10018,0.19729376,0.08590912,3.5468647,10
10019,0.60350186,0.28663334,4.2520394,11
10020,0.10193319,0.22287077,5.513551,12
10021,0.24527502,0.27993846,3.9127183,13
10022,0.10349133,0.5978853,3.1732922,14
10023,0.124001965,0.12187591,2.2735283,15
10024,0.1481777,0.27924222,3.0735793,16
10025,0.8416874,0.5344338,3.2089221,17
10026,0.24100697,0.10630652,6.754113,18
10027,0.68175524,0.21422502,3.150773,19
10028,0.062217977,0.056103956,5.11251,20
10029,0.46904725,0.2644994,5.208603,21
10030,0.15296713,0.14991789,2.7219005,22
10031,0.044950563,0.6817469,1.7323048,23
10032,0.614825,0.22557335,4.06777,0
10033,0.121290326,0.021273935,1.4690162,1
10034,0.87177783,0.51864105,4.8333116,2
10035,0.38070056,0.3855942,4.3932195,3
10036,0.4991832,0.31641743,4.6245503,4
10037,0.6582247,0.40876272,1.4224591,5
10038,0.4997935,0.48749056,3.437541,6
10039,0.25728387,0.25277898,2.2194352,7
10040,0.5871469,0.5475608,1.66362,8
10041,0.33930215,0.61914384,1.8769647,9
10042,0.12610984,0.12354109,2.205003,10
10043,0.44716614,0.23794828,4.443189,11
10044,0.2922151,0.081315465,4.8883386,12
10045,0.2772888,0.16705993,3.8399017,13
10046,0.10962434,0.42999503,3.6354911,14
10047,0.16380465,0.0530212,3.100964,15
10048,0.20544031,0.27548853,4.3360214,16
10049,0.5354536,0.18377887,1.9530859,17
10050,0.17478666,0.14581203,4.981659,18
10051,0.552146,0.3216754,3.1657126,19
10052,0.059020724,0.51958364,2.0694177,20
10053,0.38937706,0.23447448,4.020567,21
10054,0.11627619,0.16719177,3.5301023,22
10055,0.06374106,0.17379077,1.5388082,23
10056,0.80839676,0.37556103,3.5903583,0
10057,0.1860813,0.99234325,1.2865912,1
10058,0.7641074,0.52706814,3.6095686,2
10059,0.6270158,0.3386606,4.3319197,3
10060,0.6138244,0.39778712,3.9512067,4
10061,0.5575847,0.6951515,2.4845512,5
10062,0.66110665,0.47860044,1.3798454,6
10063,0.18982993,0.3797769,2.7415557,7
10064,0.6517703,0.6873934,1.3024615,8
10065,0.2276785,0.56754196,2.1733239,9
10066,0.06701555,0.27002326,2.6807356,10
10067,0.33749753,0.3526054,5.1176834,11
10068,0.13282815,0.13584772,2.1361468,12
10069,0.33210465,0.1023146,4.286085,13
10070,0.095652126,0.31639636,3.9156916,14
10071,0.087293975,0.067136124,2.8711915,15
10072,0.21702886,0.27740517,4.4306855,16
10073,0.7701625,0.5151138,3.5336342,17
10074,0.18947257,0.20529951,4.8466372,18
10075,0.4949973,0.3553436,2.7168107,19
10076,0.2005611,0.22316879,2.3192284,20
10077,0.31471324,0.23028155,4.8480186,21
10078,0.11988173,0.11729125,3.970189,22
10079,0.2490383,0.67235166,1.567097,23
10080,0.7122277,0.27791032,2.7317283,0
10081,0.24578989,0.9838261,1.6213446,1
10082,0.72192854,0.7681518,4.1669297,2
10083,0.15640175,0.25449222,2.7292862,3
10084,0.76859325,0.21864137,5.8472195,4
10085,0.5918198,0.18948394,2.626507,5
10086,0.7153491,0.41921923,2.3906972,6
10087,0.264668,0.26653397,3.255606,7
10088,0.67311436,0.6867334,2.1937,8
10089,0.25229773,0.47374627,2.1970046,9
10090,0.078712724,0.057180498,2.0087104,10
10091,0.55046415,0.2241678,5.3415155,11
10092,0.15243523,0.16694112,2.8230836,12
10093,0.42111665,0.3551356,2.5191197,13
10094,0.11752906,0.40769947,2.367218,14
10095,0.12253825,0.56705755,2.9647188,15
10096,0.16765064,0.20872995,6.342364,16
10097,0.7623038,0.48573464,3.1011355,17
10098,0.20489736,0.17169046,7.466373,18
10099,0.75701994,0.48239768,4.2036066,19
10100,0.2909109,0.46701565,0.9456332,20
10101,0.48044345,0.2590734,3.9555323,21
10102,0.19929427,0.20918445,3.8558278,22
10103,0.014015231,0.10429148,3.194009,23
10104,0.68789566,0.24158224,2.997012,0
10105,0.122326024,0.08871713,2.9916334,1
10106,0.8518992,0.5837524,3.5198026,2
10107,0.36225566,0.32969987,2.6790283,3
10108,0.7989141,0.4197864,6.2668395,4
10109,0.55487007,0.66570085,2.6026156,5
10110,0.44638747,0.5855933,2.0656493,6
10111,0.1888252,0.30585495,3.5167856,7
10112,0.88257587,0.5901138,2.7589846,8
10113,0.53305507,0.39535934,2.2657285,9
10114,0.11842463,0.01766302,2.166972,10
10115,0.3064153,0.37684217,5.586458,11
10116,0.14653666,0.14474373,3.0593596,12
10117,0.588847,0.11467749,3.377056,13
10118,0.082986526,0.44799712,1.7643661,14
10119,0.1402521,0.029667757,5.0343704,15
10120,0.1906318,0.20229326,4.2278376,16
10121,0.79340804,0.13972579,2.6567576,17
10122,0.19406283,0.16055623,5.3192453,18
10123,0.6178029,0.31104258,3.420439,19
10124,0.14319973,0.07916144,2.2237973,20
10125,0.4277696,0.21839437,3.9773476,21
10126,0.1781518,0.07646639,4.7212224,22
10127,0.15674871,0.59665155,1.0004958,23
10128,0.75562346,0.112380914,3.8322306,0
10129,0.16511866,0.3705222,2.783314,1
10130,0.74318266,0.81993794,3.5813248,2
10131,0.41739187,0.35646805,4.531471,3
10132,0.7711587,0.33601,6.1242676,4
10133,0.6141572,0.44344142,2.9320512,5
10134,0.56072825,0.5388247,3.7961485,6
10135,0.20029622,0.25294277,2.5593793,7
10136,0.86430955,0.6291389,1.5212117,8
10137,0.2933139,0.46753874,1.8378818,9
10138,0.26606727,0.08246051,2.914433,10
10139,0.30718005,0.18228021,5.471249,11
10140,0.21409866,0.1926745,4.391661,12
10141,0.35180894,0.13178863,4.338309,13
10142,0.14593516,0.34490147,2.2380824,14
10143,0.10387708,0.0010458226,6.0090156,15
10144,0.13173927,0.31393784,3.7320056,16
10145,0.7825882,0.58169866,4.202312,17
10146,0.21173182,0.2007441,6.130652,18
10147,0.69029665,0.21943149,3.1039672,19
10148,0.2967363,0.16190466,2.685498,20
10149,0.32898143,0.17206207,2.9753435,21
10150,0.17654714,0.37075296,2.0423434,22
10151,0.06895333,0.5916994,3.2477286,23
10152,0.73894167,0.3946708,3.2012596,0
10153,0.06580931,0.025724372,2.1590445,1
10154,0.62625873,0.6363987,4.7447653,2
10155,0.28184822,0.3104725,3.915222,3
10156,0.8779016,0.17246473,4.5831604,4
10157,0.6423394,0.7389225,2.8333113,5
10158,0.38082027,0.5929987,1.8503064,6
10159,0.20962553,0.24515358,2.6881971,7
10160,0.611953,0.76255757,1.7402124,8
10161,0.39279935,0.627027,2.2885416,9
10162,0.24531996,0.0070764115,3.7878487,10
10163,0.41492805,0.17201918,4.631806,11
10164,0.12378065,0.12761144,4.21049,12
10165,0.5463624,0.20338972,3.5313945,13
10166,0.19875701,0.42315775,2.6154842,14
10167,0.108197674,0.4263901,1.9564912,15
10168,0.2128241,0.2696612,3.7664058,16
10169,0.83567995,0.40593147,3.2706885,17
10170,0.22822423,0.18642077,7.1615214,18
10171,0.71651936,0.065529875,1.5347934,19
10172,0.17609198,0.08857304,3.3880165,20
10173,0.3207731,0.16801332,3.114201,21
10174,0.08843239,0.12284722,4.0293684,22
10175,0.23183666,0.78219557,1.1939209,23
10176,0.44326466,0.38874623,4.9012175,0
10177,0.08083123,0.771147,2.3292508,1
10178,0.732385,0.71708745,4.8362117,2
10179,0.46493778,0.4187245,2.0755568,3
10180,0.5326694,0.37631252,4.5689354,4
10181,0.5651889,0.5710491,3.8352678,5
10182,0.413493,0.38803342,2.9993734,6
10183,0.32943466,0.3044811,5.289967,7
10184,0.8346729,0.60512745,0.9753615,8
10185,0.36343452,0.83802444,2.2343163,9
10186,0.11412225,0.40328822,2.4620166,10
10187,0.25782463,0.3064858,4.7800145,11
10188,0.044314824,0.16861229,4.4697742,12
10189,0.35290328,0.28523093,3.1010313,13
10190,0.17748876,0.5594739,4.6099176,14
10191,0.10101962,0.9544887,0.8627926,15
10192,0.21459849,0.3233255,5.6552343,16
10193,0.6791452,0.5749865,3.6605706,17
10194,0.18317614,0.27213818,4.4914584,18
10195,0.5667801,0.6827303,5.2468133,19
10196,0.1003007,0.14288172,4.1168723,20
10197,0.23624851,0.3509855,3.7421849,21
10198,0.16482817,0.26015514,2.2752256,22
10199,0.33116972,0.40565163,1.1385988,23
10200,0.60006046,0.41242668,3.214165,0
10201,0.14748026,0.908056,1.6574004,1
10202,0.7694345,0.5806439,4.3406544,2
10203,0.51911545,0.23938425,3.671641,3
10204,0.72549385,0.31634253,4.4824524,4
10205,0.5121587,0.5736984,1.8465883,5
10206,0.15980059,0.6846236,3.3800974,6
10207,0.24451405,0.22071706,2.8592129,7
10208,0.6348721,0.33474162,1.7720721,8
10209,0.42775944,0.68507355,1.0960763,9
10210,0.29512966,0.23729935,1.5246451,10
10211,0.39861807,0.18963033,6.111636,11
10212,0.30549902,0.09603158,6.433077,12
10213,0.26774934,0.09839605,2.6467707,13
10214,0.13047126,0.5027099,1.6953137,14
10215,0.27472478,0.034176856,4.363753,15
10216,0.15007482,0.38373014,5.0257864,16
10217,0.8690763,0.43594238,3.8306475,17
10218,0.22210723,0.31381592,5.503543,18
10219,0.50951385,0.2745825,1.7087878,19
10220,0.07718625,0.0074455426,5.1885395,20
10221,0.32816136,0.29068518,2.5851772,21
10222,0.07404729,0.16160376,2.9989438,22
10223,0.3171495,0.58571535,2.17523,23
10224,0.5933938,0.4127602,3.5625048,0
10225,0.1280642,0.10162412,1.2780887,1
10226,0.6966354,0.589277,3.7659383,2
10227,0.4473698,0.21559827,2.4769058,3
10228,0.7409577,0.27067545,4.9946504,4
10229,0.45997873,0.6889671,3.2616606,5
10230,0.58837265,0.63833284,2.358046,6
10231,0.30293834,0.30693948,3.748602,7
10232,0.6907181,0.85471046,2.4958668,8
10233,0.26105887,0.7626161,2.5319288,9
10234,0.10602668,0.01607349,3.0675795,10
10235,0.45549315,0.25947773,5.175262,11
10236,0.14504117,0.24435143,5.665882,12
10237,0.25627342,0.36689854,4.7173505,13
10238,0.13226832,0.39102668,2.5903482,14
10239,0.07435995,0.09046394,4.6253757,15
10240,0.22717531,0.3919149,4.902437,16
10241,0.87528765,0.50293505,2.966702,17
10242,0.16670494,0.1877655,6.8812647,18
10243,0.6960841,0.40531015,2.6140785,19
10244,0.12690617,0.16914432,3.0823436,20
10245,0.46307147,0.23986064,3.9963703,21
10246,0.13902299,0.19000407,3.3633468,22
10247,0.041633606,0.21643633,2.0949457,23
10248,0.81856716,0.46302208,4.09089,0
10249,0.2253073,0.3066668,3.2993462,1
10250,0.64265203,0.5265401,3.2796752,2
10251,0.3735598,0.32749516,5.56279,3
10252,0.28237817,0.4051147,4.57358,4
10253,0.43611822,0.45563754,2.6437852,5
10254,0.78430355,0.2882297,3.3530927,6
10255,0.27682695,0.22820929,3.8254595,7
10256,0.6264825,0.47547346,2.5166583,8
10257,0.3020032,0.8171784,1.7352781,9
10258,0.1271607,0.069078825,4.3407063,10
10259,0.27121714,0.30098626,4.212193,11
10260,0.08563964,0.107129835,6.117251,12
10261,0.35760993,0.124358244,3.750391,13
10262,0.18368134,0.29735568,2.5152633,14
10263,0.08854924,0.4813149,1.7821687,15
10264,0.305668,0.26905364,4.5126905,16
10265,0.77727365,0.35496128,3.11092,17
10266,0.13491635,0.24689262,4.568894,18
10267,0.69743466,0.13932556,3.1322978,19
10268,0.1436917,0.03670124,5.6210427,20
10269,0.38924116,0.1818987,4.162115,21
10270,0.13275953,0.16604361,2.3114197,22
10271,0.324261,0.8185947,0.6977784,23
10272,0.8040568,0.5021457,4.822478,0
10273,0.14628136,0.60956615,0.7029634,1
10274,0.81739056,0.51739603,3.2015452,2
10275,0.27037448,0.34390387,4.189698,3
10276,0.7666461,0.32122502,3.367069,4
10277,0.76576453,0.59631974,1.6107366,5
10278,0.36837482,0.30722806,2.2332647,6
10279,0.26337248,0.24347964,2.7436962,7
10280,0.63684636,0.79283047,4.411203,8
10281,0.1639701,0.6537739,2.924049,9
10282,0.07486699,0.11914754,3.075871,10
10283,0.33727124,0.22382218,5.07865,11
10284,0.27919817,0.120810285,3.6136627,12
10285,0.39044,0.17574862,2.3189082,13
10286,0.113463946,0.53661865,4.6589437,14
10287,0.12688006,0.036651935,3.4903302,15
10288,0.26048306,0.21183845,2.7253568,16
10289,0.8048468,0.579364,5.0727468,17
10290,0.16916852,0.18656121,5.91069,18
10291,0.6731052,0.5198505,2.3762858,19
10292,0.15152138,0.12351626,1.8052957,20
10293,0.7157366,0.13882023,4.1693144,21
10294,0.1618256,0.17261322,2.3244624,22
10295,0.14699163,0.31475008,2.299932,23
10296,0.503712,0.7191772,5.111093,0
10297,0.08193812,0.93153626,1.9556592,1
10298,0.77085745,0.61401206,5.5844493,2
10299,0.29525647,0.53006965,5.156383,3
10300,0.497366,0.2996867,5.966776,4
10301,0.52974504,0.40506017,2.3497608,5
10302,0.28467336,0.41601458,3.3111534,6
10303,0.24934565,0.38263813,3.7697659,7
10304,0.77494234,0.74372864,2.5829413,8
10305,0.274218,0.8637108,4.846896,9
10306,0.26605192,0.066596515,3.1507967,10
10307,0.55188364,0.268719,5.4987926,11
10308,0.15182242,0.13610558,3.213203,12
10309,0.28026804,0.1382726,4.1048927,13
10310,0.16435347,0.30369636,2.9572792,14
10311,0.1740215,0.019512208,3.7117407,15
10312,0.20348415,0.29718533,4.1536946,16
10313,0.74713355,0.3439829,2.663886,17
10314,0.16112241,0.2589963,4.387383,18
10315,0.8169155,0.3520835,4.1000004,19
10316,0.21087071,0.15492955,2.4208896,20
10317,0.36220142,0.22713798,3.1917667,21
10318,0.14901005,0.15824035,4.0693874,22
10319,0.041120276,0.41139242,2.7867908,23
10320,0.7728151,0.3523547,3.3593466,0
10321,0.19233142,0.58702105,2.0035686,1
10322,0.5481881,0.53903353,3.7085571,2
10323,0.3274482,0.3544782,3.8012872,3
10324,0.3503199,0.41022745,4.7042136,4
10325,0.63922036,0.59872705,1.3455076,5
10326,0.56238157,0.5534107,3.045844,6
10327,0.46461248,0.22329141,3.2662005,7
10328,0.6085109,0.40712473,0.92315114,8
10329,0.31572768,0.5880521,1.547344,9
10330,0.13801263,0.18264113,1.3970625,10
10331,0.5540868,0.2772086,5.3961997,11
10332,0.10160655,0.13859047,3.9114223,12
10333,0.3126625,0.2819755,3.3695278,13
10334,0.15668081,0.31551623,3.8201733,14
10335,0.14114818,0.18378305,2.98576,15
10336,0.13466018,0.36211926,4.3301735,16
10337,0.5654787,0.4724638,2.628596,17
10338,0.15747023,0.23248239,5.7830834,18
10339,0.7053902,0.73981214,3.639283,19
10340,0.100117475,0.08411592,5.013843,20
10341,0.47463426,0.16099039,4.2644024,21
10342,0.14921117,0.23115669,4.4107113,22
10343,0.031292476,0.40379918,3.8909552,23
10344,0.5212128,0.37069225,3.9383008,0
10345,0.07962144,0.9693527,1.7035153,1
10346,0.8930649,0.40211725,5.841278,2
10347,0.3922437,0.36806783,2.6571078,3
10348,0.67499834,0.34592214,4.5308127,4
10349,0.46840337,0.73750013,1.9627427,5
10350,0.45706904,0.7427227,3.1686935,6
10351,0.23039922,0.31972787,2.3161492,7
10352,0.71486074,0.4604727,1.5411793,8
10353,0.3792793,0.80331564,2.348475,9
10354,0.34393108,0.63320976,0.698997,10
10355,0.40737852,0.3025656,7.013547,11
10356,0.2833252,0.16588558,3.250973,12
10357,0.2911358,0.15090267,4.097915,13
10358,0.27985623,0.42161953,3.1499493,14
10359,0.5270675,0.9253917,1.5596901,15
10360,0.2776848,0.36992952,6.4717484,16
10361,0.8246389,0.43341076,4.685375,17
10362,0.22941893,0.15483642,6.467612,18
10363,0.7518033,0.10876437,2.5371978,19
10364,0.12640361,0.42252275,1.381427,20
10365,0.32267928,0.15886173,3.3384762,21
10366,0.09059655,0.12963237,2.6728473,22
10367,0.035269003,0.8734373,2.3968678,23
10368,0.5161204,0.4016682,3.8603377,0
10369,0.12634489,0.98422974,1.5607833,1
10370,0.743894,0.70881665,3.3032691,2
10371,0.37764117,0.30724832,3.8631907,3
10372,0.82634854,0.30985525,4.162733,4
10373,0.4824495,0.56855446,3.5562716,5
10374,0.58205634,0.59838074,4.201406,6
10375,0.15322575,0.40347543,3.7969732,7
10376,0.7343986,0.7319671,1.5907669,8
10377,0.199801,0.8091991,1.7672024,9
10378,0.31242552,0.16099368,1.7807616,10
10379,0.38801184,0.18942487,5.645405,11
10380,0.10304743,0.22418328,4.3336196,12
10381,0.30828986,0.26320225,5.222564,13
10382,0.15072004,0.28946462,1.7902596,14
10383,0.19315152,0.08932083,4.943256,15
10384,0.21718581,0.3205191,6.4043856,16
10385,0.8387146,0.3699916,3.0933044,17
10386,0.16123156,0.26613483,6.545029,18
10387,0.4987361,0.19802946,2.9445302,19
10388,0.11339988,0.1631484,2.3604653,20
10389,0.379486,0.19650318,3.2370737,21
10390,0.08355152,0.19866447,4.2211494,22
10391,0.04127097,0.24001008,2.3929343,23
10392,0.6393979,0.5126705,4.7753744,0
10393,0.24491102,0.9959155,2.0187867,1
10394,0.62807846,0.44243544,3.9674554,2
10395,0.5362813,0.48248369,3.5771894,3
10396,0.57747984,0.4525798,5.2960324,4
10397,0.48114875,0.58942276,1.888581,5
10398,0.4588487,0.7587607,2.1348782,6
10399,0.18169582,0.22702199,3.9665613,7
10400,0.8333236,0.5961348,1.4557514,8
10401,0.24782726,0.85547626,3.5933459,9
10402,0.1366936,0.118143335,2.397754,10
10403,0.4221454,0.2691478,5.093647,11
10404,0.14743434,0.13620435,3.7279382,12
10405,0.44396666,0.22237284,3.9396653,13
10406,0.07620682,0.44094434,1.7877636,14
10407,0.10470585,0.7635162,3.3303957,15
10408,0.28760326,0.19964755,4.4773955,16
10409,0.55009854,0.20248596,2.8912954,17
10410,0.15323225,0.23039524,5.0135384,18
10411,0.61545956,0.21461494,3.6549234,19
10412,0.0483305,0.2695878,2.7048504,20
10413,0.5598259,0.16974393,3.361139,21
10414,0.16951045,0.2160537,2.9812226,22
10415,0.03169754,0.21576412,3.6246848,23
10416,0.6032058,0.37832332,2.729568,0
10417,0.07400124,0.36497593,1.3299639,1
10418,0.82638144,0.47789252,3.2259874,2
10419,0.3826366,0.45868593,3.2133996,3
10420,0.78165615,0.3539479,5.185438,4
10421,0.4140603,0.53029746,2.645354,5
10422,0.22910981,0.8103039,4.4545727,6
10423,0.3286622,0.36276537,2.1620877,7
10424,0.7339686,0.62771267,0.99272776,8
10425,0.3056697,0.68945175,3.8157156,9
10426,0.19174065,0.120972745,2.0483212,10
10427,0.3835768,0.40980178,6.3885646,11
10428,0.07208193,0.1048531,6.470808,12
10429,0.3666956,0.13619302,5.206904,13
10430,0.08038792,0.46451038,2.3044138,14
10431,0.14253514,0.5157283,1.3416004,15
10432,0.24559352,0.2097043,3.4818802,16
10433,0.67706543,0.45685834,3.171953,17
10434,0.14727552,0.15840277,5.1241236,18
10435,0.55183303,0.33327553,2.0358126,19
10436,0.09148607,0.3575102,1.8401291,20
10437,0.43708104,0.19154982,4.652875,21
10438,0.11630618,0.12485723,4.196335,22
10439,0.019316481,0.31448734,2.9310946,23
10440,0.56022024,0.26679024,4.1470675,0
10441,0.079411,0.4190872,1.8094156,1
10442,0.78891224,0.6590854,3.636855,2
10443,0.6177395,0.3134051,4.6939864,3
10444,0.79195356,0.19836852,3.7592556,4
10445,0.5852703,0.7121248,1.9518517,5
10446,0.44636086,0.8245952,2.2395735,6
10447,0.15677577,0.42118192,2.8178308,7
10448,0.92171973,0.7102744,1.3041896,8
10449,0.54032654,0.33101353,2.78976,9
10450,0.2624282,0.001219518,5.3244305,10
10451,0.3431849,0.33058435,5.7908,11
10452,0.083854795,0.1419239,4.8301997,12
10453,0.23822865,0.33240706,5.0413413,13
10454,0.11073799,0.25507623,2.61868,14
10455,0.228407,0.101186804,2.7992482,15
10456,0.17566958,0.25599113,5.7317824,16
10457,0.59293896,0.63996226,4.3780856,17
10458,0.14975733,0.19140443,6.2213755,18
10459,0.7295726,0.52441406,2.9590936,19
10460,0.07330964,0.13531306,3.6600041,20
10461,0.49327925,0.14816421,4.1344576,21
10462,0.23980623,0.19956836,2.7253308,22
10463,0.030632429,0.39312705,2.2189517,23
10464,0.54942065,0.2837884,2.9232314,0
10465,0.1154362,0.94272697,1.7294672,1
10466,0.8798465,0.39470127,4.1398807,2
10467,0.44125783,0.3062468,2.8436494,3
10468,0.48499715,0.3064813,3.8742185,4
10469,0.5743661,0.68344957,2.7282617,5
10470,0.7561983,0.85747635,3.307719,6
10471,0.178243,0.40083608,5.2710876,7
10472,0.8435792,0.77541953,1.1597786,8
10473,0.25090653,0.77122164,3.423572,9
10474,0.052495662,0.73162,1.6798216,10
10475,0.42343315,0.24197909,5.3621216,11
10476,0.23343973,0.20265448,2.9595404,12
10477,0.43326265,0.16574591,3.0740194,13
10478,0.09252002,0.54761934,3.1473303,14
10479,0.21026732,0.73204607,1.3083516,15
10480,0.21415283,0.43888998,5.721564,16
10481,0.78928834,0.79134893,5.211913,17
10482,0.23734093,0.075202994,6.7352433,18
10483,0.78476375,0.318799,3.6158786,19
10484,0.14242096,0.58223766,1.446709,20
10485,0.55908996,0.1691228,5.5444407,21
10486,0.14102717,0.0806581,4.5325375,22
10487,0.39123,0.87913805,1.0059379,23
10488,0.6571801,0.25043228,3.905364,0
10489,0.12969592,0.9647552,1.7751994,1
10490,0.7997097,0.7419266,3.7110784,2
10491,0.112412944,0.37385368,4.3177977,3
10492,0.70368445,0.18433389,4.4567504,4
10493,0.43538734,0.5054961,2.250866,5
10494,0.6844511,0.61474097,2.9018095,6
10495,0.20735373,0.28135383,3.602116,7
10496,0.44483685,0.68707126,1.4949665,8
10497,0.24208264,0.79542017,1.200334,9
10498,0.13586748,0.07511073,2.6626897,10
10499,0.35910255,0.30554774,5.179084,11
10500,0.12887602,0.18017434,5.85517,12
10501,0.23407587,0.20460011,3.6521647,13
10502,0.13709636,0.28899276,2.4720902,14
10503,0.10621493,0.020659713,3.3822489,15
10504,0.26290074,0.1785239,4.2540507,16
10505,0.8923032,0.4880599,3.3225682,17
10506,0.2254768,0.15837723,7.2883463,18
10507,0.7470799,0.1714763,4.5222564,19
10508,0.07017459,0.12771583,1.769523,20
10509,0.30244157,0.2132553,3.4666567,21
10510,0.23634544,0.13030522,4.2280836,22
10511,0.49916193,0.49982923,2.133672,23
10512,0.35238516,0.5352905,5.0516725,0
10513,0.24863395,0.4884488,1.2096319,1
10514,0.58281535,0.5898927,3.8602695,2
10515,0.49236307,0.2919993,2.3958793,3
10516,0.44337827,0.32610103,5.680253,4
10517,0.6907781,0.54376405,1.3341062,5
10518,0.6983167,0.5745812,2.6666043,6
10519,0.28697386,0.23036687,3.086471,7
10520,0.78250736,0.6078322,1.2004905,8
10521,0.39055023,0.6183752,2.0460029,9
10522,0.22868659,0.049790975,2.928418,10
10523,0.3086104,0.27275422,5.0509605,11
10524,0.26204795,0.21592654,4.5173163,12
10525,0.42978406,0.1448971,3.0323524,13
10526,0.17343187,0.32271597,2.8582358,14
10527,0.1334159,0.045152087,3.697237,15
10528,0.21760067,0.17476802,3.809641,16
10529,0.63365793,0.51697516,4.7801204,17
10530,0.14616866,0.23835419,5.5409184,18
10531,0.6556737,0.2758647,2.1263528,19
10532,0.07366652,0.6979232,1.06931,20
10533,0.31995258,0.13539794,3.9395916,21
10534,0.12869392,0.11527703,3.6239934,22
10535,0.09171192,0.8399092,1.0281073,23
10536,0.7775112,0.27701154,4.305077,0
10537,0.082221754,0.28313026,1.1131012,1
10538,0.8782101,0.7418617,5.595203,2
10539,0.572767,0.41637027,2.5014923,3
10540,0.6281312,0.33285108,4.17171,4
10541,0.5584982,0.4475278,2.8244815,5
10542,0.59808934,0.73799163,1.8143704,6
10543,0.2047772,0.36564714,2.6790328,7
10544,0.8221858,0.42346078,1.6284777,8
10545,0.3429698,0.6362731,5.059679,9
10546,0.21521047,0.8516611,3.2156262,10
10547,0.4188093,0.32682896,4.466634,11
10548,0.099640295,0.15075345,4.6147866,12
10549,0.31914225,0.17311771,3.7727966,13
10550,0.18090072,0.33589882,2.7055132,14
10551,0.21418726,0.018325211,3.2209525,15
10552,0.1853801,0.31135806,3.994443,16
10553,0.6581473,0.65789217,4.4786077,17
10554,0.14466184,0.192685,4.7618647,18
10555,0.82744986,0.13594839,1.4786229,19
10556,0.13501886,0.34495342,1.2665784,20
10557,0.51772535,0.14227664,3.0571895,21
10558,0.072986916,0.15845612,3.9671984,22
10559,0.014499232,0.12695658,3.6074831,23
10560,0.5089839,0.3754573,4.9266667,0
10561,0.15837024,0.10490939,0.96238995,1
10562,0.7694234,0.6463023,5.290887,2
10563,0.24021325,0.3374359,4.1449003,3
10564,0.7718131,0.37519398,5.479858,4
10565,0.55196023,0.5810535,2.089285,5
10566,0.52782196,0.55089754,3.8134787,6
10567,0.3404572,0.41567668,2.882667,7
10568,0.88004553,0.76876307,1.8911095,8
10569,0.27906337,0.5819438,3.5082831,9
10570,0.2163672,0.16658692,1.077368,10
10571,0.21331194,0.2878107,4.563795,11
10572,0.19835295,0.26857102,4.3503923,12
10573,0.3729683,0.1712511,4.257613,13
10574,0.08797498,0.36754927,5.062502,14
10575,0.29494745,0.0023677105,5.5199633,15
10576,0.24124217,0.2617237,4.198089,16
10577,0.7124029,0.58145916,2.7810106,17
10578,0.24251495,0.3509934,3.9102194,18
10579,0.68967056,0.3607328,3.346976,19
10580,0.05187787,0.8070652,0.77072537,20
10581,0.4448502,0.25910297,4.4612436,21
10582,0.09685898,0.1832792,3.8277678,22
10583,0.59451073,0.8254354,1.5684515,23
10584,0.8598091,0.41665328,3.1092763,0
10585,0.20880294,0.9088955,2.084797,1
10586,0.7165325,0.69017714,5.7722054,2
10587,0.35175085,0.24813269,2.623104,3
10588,0.8192196,0.3735077,4.983179,4
10589,0.5859165,0.54346395,2.3490148,5
10590,0.8445392,0.63405246,3.5918808,6
10591,0.29989347,0.26024637,3.8117936,7
10592,0.7034204,0.757296,1.6620182,8
10593,0.2533165,0.6628147,3.2650504,9
10594,0.17588434,0.7588102,1.7771587,10
10595,0.31171232,0.2144662,5.023251,11
10596,0.25258875,0.15439361,5.240948,12
10597,0.287161,0.22066982,5.307009,13
10598,0.14066534,0.48937324,2.493043,14
10599,0.20472461,0.01350558,5.6779103,15
10600,0.31689584,0.2962439,5.246706,16
10601,0.654285,0.4776181,3.4889703,17
10602,0.124054424,0.23819396,5.69209,18
10603,0.84357506,0.30391616,3.490471,19
10604,0.15974218,0.17545153,3.7813458,20
10605,0.46512452,0.23603186,4.51685,21
10606,0.1583722,0.13598153,4.641988,22
10607,0.07825486,0.6977153,1.8728747,23
10608,0.51143587,0.33034307,4.8182497,0
10609,0.21199435,0.99671715,1.899101,1
10610,0.6504144,0.6724247,5.192027,2
10611,0.387409,0.29794315,2.6177704,3
10612,0.50723493,0.52123374,4.7619743,4
10613,0.45390964,0.5244995,2.0025213,5
10614,0.5982882,0.604363,2.8948445,6
10615,0.38327983,0.35075,1.7458637,7
10616,0.7180809,0.7854974,2.7416303,8
10617,0.3692985,0.81687653,1.7275797,9
10618,0.16848968,0.00063099264,3.2351353,10
10619,0.22106737,0.24747036,4.8561687,11
10620,0.16840832,0.18032964,4.374343,12
10621,0.3809447,0.27755883,3.860526,13
10622,0.22633536,0.4315418,3.8066664,14
10623,0.2179529,0.0032810129,6.251815,15
10624,0.26216447,0.299727,3.3316998,16
10625,0.6075703,0.37301588,5.2800417,17
10626,0.14484595,0.1803776,6.474805,18
10627,0.66554546,0.37212783,2.8719127,19
10628,0.16882439,0.07745162,4.44522,20
10629,0.28492433,0.33116528,4.562604,21
10630,0.15911226,0.1548099,4.9589925,22
10631,0.011633202,0.19460353,3.554061,23
10632,0.86249614,0.29186645,4.3326597,0
10633,0.15558244,0.8747906,1.5103102,1
10634,0.5868553,0.45674452,3.8123126,2
10635,0.3733909,0.29416215,3.135269,3
10636,0.53778183,0.26281238,4.536975,4
10637,0.42694357,0.43305907,1.4015405,5
10638,0.43618858,0.6191966,3.7629845,6
10639,0.16127416,0.25481078,3.663632,7
10640,0.7125418,0.9032175,1.4900894,8
10641,0.39429456,0.8244206,3.2031372,9
10642,0.09202594,0.22792737,0.8691717,10
10643,0.4243239,0.30147853,2.9769456,11
10644,0.22390945,0.10775809,4.0080314,12
10645,0.34245485,0.17585675,3.5885975,13
10646,0.12134785,0.42621142,3.5902047,14
10647,0.21150862,0.015804827,4.173707,15
10648,0.2414054,0.34939188,5.7580686,16
10649,0.88677037,0.39306435,2.2573578,17
10650,0.16055359,0.15956695,3.7485812,18
10651,0.573307,0.2048555,2.3609595,19
10652,0.15768136,0.4241102,2.017977,20
10653,0.6156304,0.10940792,3.5336576,21
10654,0.119544365,0.11282265,4.4177394,22
10655,0.16511174,0.8456776,2.675133,23
10656,0.6237055,0.33109677,4.0334854,0
10657,0.14265788,0.69137686,2.008991,1
10658,0.6481319,0.7892915,4.433672,2
10659,0.28807914,0.50344616,2.4144018,3
10660,0.66548496,0.37330133,6.5055604,4
10661,0.5598468,0.64343333,1.415677,5
10662,0.30026963,0.34250936,1.6390616,6
10663,0.30473688,0.34963295,4.1733756,7
10664,0.77314407,0.391013,2.2792687,8
10665,0.1758013,0.88795483,2.052944,9
10666,0.11657531,0.21858047,1.9401478,10
10667,0.44553256,0.23071137,5.2400327,11
10668,0.19340794,0.116854206,2.7908933,12
10669,0.25124466,0.14767087,3.6445012,13
10670,0.078065656,0.485455,3.0814621,14
10671,0.18023527,0.25293761,3.3099616,15
10672,0.24218437,0.30628103,5.1763763,16
10673,0.63775456,0.47217795,4.4668374,17
10674,0.18757835,0.28612646,5.7887197,18
10675,0.6012278,0.25806603,3.039885,19
10676,0.10725209,0.09821439,4.061689,20
10677,0.43170062,0.19125023,4.1057205,21
10678,0.10641695,0.12517451,5.1627727,22
10679,0.095501,0.86710536,2.1521661,23
10680,0.59925556,0.3642185,4.450225,0
10681,0.20141056,0.12282275,3.2135587,1
10682,0.6881831,0.5259942,5.622611,2
10683,0.25030625,0.3683683,4.3591323,3
10684,0.7223956,0.44845274,5.42892,4
10685,0.6562879,0.49582997,1.7677058,5
10686,0.50017095,0.4388138,2.4970512,6
10687,0.17479667,0.41396222,2.4838595,7
10688,0.70991546,0.6033728,2.524632,8
10689,0.20285876,0.7593678,2.462013,9
10690,0.035860393,0.35536397,2.434847,10
10691,0.40911317,0.28130808,5.421035,11
10692,0.16249922,0.17510262,5.4128532,12
10693,0.27788544,0.18362743,3.919588,13
10694,0.21900685,0.45985717,3.3612492,14
10695,0.07851364,0.2831477,3.0600464,15
10696,0.2398222,0.3818275,3.7230327,16
10697,0.87104416,0.39558437,4.8671913,17
10698,0.17519532,0.110323966,6.625828,18
10699,0.69236803,0.1857594,2.9613674,19
10700,0.17407209,0.35317677,1.865515,20
10701,0.51443636,0.1464704,4.085437,21
10702,0.09486522,0.15049314,5.223959,22
10703,0.12838711,0.6536093,1.1894736,23
10704,0.6927689,0.3282098,2.7217765,0
10705,0.11474299,0.8961222,1.4777924,1
10706,0.7823067,0.32982856,3.1695213,2
10707,0.44577605,0.3087316,3.533832,3
10708,0.86827755,0.33047393,4.880779,4
10709,0.59880686,0.5268213,1.7903504,5
10710,0.4034021,0.5233988,2.7131894,6
10711,0.21500668,0.26196525,2.3776586,7
10712,0.8343778,0.690761,0.99976563,8
10713,0.3126291,0.64558446,2.8568754,9
10714,0.3556984,0.54870296,1.1158292,10
10715,0.38370675,0.32839993,5.213889,11
10716,0.11729542,0.09133969,5.624319,12
10717,0.31106678,0.15370965,4.9482923,13
10718,0.24867815,0.32472733,2.1257546,14
10719,0.06580537,0.19728999,2.687856,15
10720,0.15744647,0.33985034,5.3824224,16
10721,0.7153802,0.3731702,3.445002,17
10722,0.14993812,0.254573,6.0218773,18
10723,0.61389196,0.115654066,2.490811,19
10724,0.14752851,0.14896394,2.0510375,20
10725,0.45951954,0.10252388,3.6055841,21
10726,0.17824532,0.11218102,4.164279,22
10727,0.47642493,0.9155222,0.90442353,23
10728,0.8099112,0.4448702,3.5016494,0
10729,0.08979782,0.96049565,2.9988215,1
10730,0.6889249,0.603949,3.708986,2
10731,0.3049885,0.48639277,2.7940245,3
10732,0.61076593,0.36208978,4.947037,4
10733,0.4090435,0.5716396,2.4394648,5
10734,0.5932686,0.53692794,2.549702,6
10735,0.2929954,0.22713023,3.3495545,7
10736,0.67202806,0.5748759,1.5902648,8
10737,0.3378432,0.7343362,2.32291,9
10738,0.23935102,0.07205141,1.1294824,10
10739,0.2774531,0.23668236,5.5693774,11
10740,0.09659505,0.13714188,3.881453,12
10741,0.4605709,0.1489169,4.449205,13
10742,0.13932456,0.30951607,4.749785,14
10743,0.11000706,0.5558801,1.9432447,15
10744,0.22752906,0.3206972,5.8582997,16
10745,0.7875074,0.3141849,4.2059064,17
10746,0.21373722,0.06897024,7.843195,18
10747,0.8555084,0.117892236,2.0992284,19
10748,0.27154547,0.10729791,2.4492154,20
10749,0.5110153,0.20861256,2.6004043,21
10750,0.122028984,0.22343369,2.6060581,22
10751,0.33164498,0.8564898,1.0359714,23
10752,0.64208585,0.17439744,5.03043,0
10753,0.035371874,0.9868977,1.7940236,1
10754,0.7086658,0.7791312,4.2632923,2
10755,0.4286625,0.312475,4.65409,3
10756,0.6646927,0.3660976,4.7808623,4
10757,0.51763004,0.74411446,3.5720255,5
10758,0.39289775,0.59544426,2.4917438,6
10759,0.22136885,0.25569135,2.5696068,7
10760,0.80521095,0.6423405,0.7676773,8
10761,0.32051167,0.6299601,2.4575975,9
10762,0.36900362,0.027613679,4.2023354,10
10763,0.53035676,0.1728841,4.928781,11
10764,0.15878409,0.095534466,4.7162833,12
10765,0.42667708,0.23490965,4.762816,13
10766,0.2563382,0.19222616,2.552427,14
10767,0.12281638,0.5130146,3.0698683,15
10768,0.22933915,0.31677115,5.892052,16
10769,0.7981723,0.3689613,4.2208667,17
10770,0.11853012,0.2183097,6.06404,18
10771,0.52015597,0.16135845,4.03326,19
10772,0.08966709,0.36354,1.7062367,20
10773,0.30165946,0.22278811,4.347195,21
10774,0.18997319,0.08889756,3.1809485,22
10775,0.30758965,0.83540046,1.2135668,23
10776,0.61968267,0.38748264,3.98237,0
10777,0.1785008,0.70403975,2.125027,1
10778,0.75493234,0.5476457,5.1526165,2
10779,0.57399887,0.44553477,3.1904063,3
10780,0.6253522,0.35487238,4.6553683,4
10781,0.5173029,0.36100683,1.8192647,5
10782,0.5694359,0.51647604,3.0300741,6
10783,0.236811,0.31016612,2.1081786,7
10784,0.7994897,0.7590808,1.2497119,8
10785,0.38697284,0.4976999,1.2844822,9
10786,0.3384654,0.0045950282,3.6085865,10
10787,0.25328115,0.15854721,4.851119,11
10788,0.061854966,0.1456904,4.823983,12
10789,0.26393536,0.23892057,4.1758685,13
10790,0.18888286,0.5592476,3.5456274,14
10791,0.111122295,0.042420182,3.7806377,15
10792,0.23793517,0.2650162,5.4214745,16
10793,0.7109616,0.33366585,4.238184,17
10794,0.20051517,0.31256235,3.1832547,18
10795,0.85151535,0.22921367,3.041841,19
10796,0.06639413,0.40111947,0.9133425,20
10797,0.32550755,0.24004377,3.682432,21
10798,0.14290155,0.11131916,6.2693243,22
10799,0.387233,0.9106358,2.2914653,23
10800,0.7667822,0.61763495,3.4003975,0
10801,0.07013219,0.92923516,1.8302691,1
10802,0.5595126,0.76323825,3.7970793,2
10803,0.5243049,0.24206546,5.9848413,3
10804,0.75670815,0.235323,4.5622935,4
10805,0.5514664,0.35395005,1.3188527,5
10806,0.3649495,0.7143829,3.195756,6
10807,0.3156321,0.4059927,2.8106186,7
10808,0.5866596,0.5414023,1.6785772,8
10809,0.16031718,0.59304047,0.7971937,9
10810,0.06875614,0.5830121,2.8409014,10
10811,0.25984657,0.21883565,4.9625764,11
10812,0.053426895,0.19652419,3.6027904,12
10813,0.24633357,0.24069351,3.1309214,13
10814,0.18776484,0.4983681,2.4764655,14
10815,0.20674121,0.006808976,5.7237654,15
10816,0.2398127,0.2496845,4.1327734,16
10817,0.68515885,0.79432875,5.3285127,17
10818,0.20555654,0.0812116,7.053921,18
10819,0.5988792,0.13829674,2.3574874,19
10820,0.13898316,0.04034756,4.5279727,20
10821,0.488176,0.23365818,3.0592842,21
10822,0.14769593,0.10742111,3.5932245,22
10823,0.08435467,0.27279997,2.9669201,23
10824,0.54276943,0.36256814,3.753648,0
10825,0.08268235,0.1680862,1.3548006,1
10826,0.71576214,0.37981784,3.440871,2
10827,0.40632653,0.41081625,5.3457427,3
10828,0.674569,0.4788121,4.1229086,4
10829,0.61103976,0.66542715,1.5677054,5
10830,0.42330047,0.6086343,1.9968362,6
10831,0.25350615,0.21320459,3.0401735,7
10832,0.7689708,0.44542003,1.9390916,8
10833,0.3714392,0.6906313,2.075461,9
10834,0.3836523,0.080092065,1.8854815,10
10835,0.265871,0.3115563,5.085466,11
10836,0.11251499,0.09516359,5.007677,12
10837,0.41165465,0.2309748,4.8329,13
10838,0.2594304,0.29646528,2.4799902,14
10839,0.14546216,0.2838171,2.079686,15
10840,0.21086034,0.24205163,5.1063366,16
10841,0.9155924,0.41696054,3.59616,17
10842,0.27065933,0.1607799,4.4253006,18
10843,0.7968516,0.3423673,3.118156,19
10844,0.20775531,0.19012181,1.7183993,20
10845,0.54378355,0.30247384,5.3343143,21
10846,0.26367617,0.1650062,3.6721187,22
10847,0.57873565,0.7856842,1.2562263,23
10848,0.6257111,0.3823022,4.0471144,0
10849,0.10601031,0.7559076,1.7282075,1
10850,0.9303169,0.7666528,5.4658594,2
10851,0.54223734,0.27018178,4.262993,3
10852,0.40874815,0.29759663,4.118148,4
10853,0.3909031,0.5539568,1.6229584,5
10854,0.78778374,0.42068067,2.9977129,6
10855,0.27014095,0.28273964,4.558919,7
10856,0.7758857,0.5614566,1.4712793,8
10857,0.4471841,0.28117028,2.8151894,9
10858,0.0589018,0.1492097,2.6252546,10
10859,0.33967945,0.16322629,5.9148827,11
10860,0.22147228,0.2237207,3.4254026,12
10861,0.4856847,0.10496334,4.737238,13
10862,0.19477324,0.18204832,1.9196668,14
10863,0.07903359,0.16242169,1.9330473,15
10864,0.13535544,0.30545175,5.245704,16
10865,0.70122564,0.34682846,2.9389515,17
10866,0.25699127,0.28827724,3.700336,18
10867,0.6326748,0.23516765,2.7220762,19
10868,0.1759909,0.027514866,5.4891634,20
10869,0.31291923,0.314639,3.6547873,21
10870,0.13010688,0.057350677,4.602652,22
10871,0.24614754,0.58194673,1.3259519,23
10872,0.5670011,0.31140643,3.3100355,0
10873,0.066214606,0.8290328,1.6849328,1
10874,0.7675049,0.5754801,3.3587098,2
10875,0.59272766,0.32694936,3.3080003,3
10876,0.7662207,0.43653923,5.2812386,4
10877,0.42801684,0.53870016,2.0601287,5
10878,0.62577987,0.41080672,1.5744147,6
10879,0.321562,0.31589848,2.758143,7
10880,0.7812701,0.5911783,1.2223012,8
10881,0.2783684,0.68455386,1.9354005,9
10882,0.04558835,0.6738541,1.8384088,10
10883,0.49241334,0.29165056,5.10344,11
10884,0.25958568,0.16145843,3.512354,12
10885,0.30804536,0.24909522,4.3254037,13
10886,0.124438226,0.23133235,3.3839715,14
10887,0.08978815,0.21606278,2.737821,15
10888,0.16371511,0.2226536,3.7133312,16
10889,0.6761138,0.3603154,3.1203768,17
10890,0.24092221,0.21878183,5.8061247,18
10891,0.47387332,0.23256324,2.7277837,19
10892,0.12330116,0.26548946,1.8620379,20
10893,0.38453838,0.24009626,4.247485,21
10894,0.15353093,0.1797095,2.9315057,22
10895,0.09267459,0.77347463,1.8193331,23
10896,0.6337474,0.3874508,3.8837805,0
10897,0.15539847,0.9375881,2.1412396,1
10898,0.6624159,0.70074505,6.0073066,2
10899,0.6009978,0.18286481,3.4158895,3
10900,0.59098244,0.37082228,4.285353,4
10901,0.5237494,0.8336741,2.039645,5
10902,0.80589646,0.5363424,1.8382527,6
10903,0.30478323,0.42007732,3.6188362,7
10904,0.7694289,0.83799917,1.8533336,8
10905,0.44663802,0.7684107,2.490324,9
10906,0.09304062,0.003923129,4.9675255,10
10907,0.4633305,0.19095278,5.528569,11
10908,0.07618426,0.119201116,5.581106,12
10909,0.46103615,0.26619968,3.7395263,13
10910,0.14423989,0.386907,2.042247,14
10911,0.17178188,0.85547227,0.93074954,15
10912,0.22502752,0.31352663,4.5632353,16
10913,0.86896783,0.36923945,4.7752275,17
10914,0.18734874,0.13051376,5.659295,18
10915,0.64025295,0.27964556,3.039305,19
10916,0.15785271,0.36479172,2.6271386,20
10917,0.47512305,0.13271357,4.139934,21
10918,0.14238028,0.20704466,2.7017367,22
10919,0.08865297,0.5153926,2.256631,23
10920,0.5810995,0.24310088,3.2210107,0
10921,0.104296505,0.33613884,1.1231573,1
10922,0.6402666,0.66845393,5.32248,2
10923,0.33436266,0.31731942,3.229449,3
10924,0.5351624,0.48442817,5.4736953,4
10925,0.44757938,0.5454324,1.3258166,5
10926,0.46497425,0.6046983,3.7056327,6
10927,0.18895656,0.38326418,3.2659512,7
10928,0.60200256,0.8026444,1.2781858,8
10929,0.47395316,0.3953502,1.8060415,9
10930,0.080486745,0.091567405,0.856379,10
10931,0.35081562,0.29759884,4.5846024,11
10932,0.250117,0.13159655,4.5246744,12
10933,0.44350773,0.3599363,3.0628421,13
10934,0.101441436,0.26171488,2.1675231,14
10935,0.16703892,0.17093553,3.1456196,15
10936,0.23925632,0.3487999,5.7699733,16
10937,0.73325115,0.3864315,3.676824,17
10938,0.20883492,0.13082619,6.443283,18
10939,0.7837943,0.06695893,1.9779116,19
10940,0.12974794,0.6502924,1.1201813,20
10941,0.29438782,0.24478249,4.286876,21
10942,0.09610062,0.13545325,2.1827943,22
10943,0.3772923,0.96561396,1.4350451,23
10944,0.5981632,0.31391677,4.894191,0
10945,0.1206043,0.63402915,2.0205493,1
10946,0.6450422,0.67253035,4.6989727,2
10947,0.11922199,0.4032309,3.969552,3
10948,0.7760827,0.52177566,5.048862,4
10949,0.44919178,0.4725724,1.6137514,5
10950,0.48331708,0.34597853,2.6038437,6
10951,0.32906193,0.32680732,2.511845,7
10952,0.7603127,0.82285744,1.9926364,8
10953,0.3021224,0.53079873,2.4601362,9
10954,0.3104509,0.2503177,2.0282545,10
10955,0.42746234,0.1212634,3.979123,11
10956,0.14111906,0.06926359,4.7334967,12
10957,0.24301392,0.11959359,2.5788403,13
10958,0.12923451,0.28195465,3.337339,14
10959,0.101080045,0.89071363,1.4471588,15
10960,0.13299462,0.37747294,4.0178328,16
10961,0.85935134,0.5413008,4.864444,17
10962,0.23294245,0.12572095,6.42295,18
10963,0.5987207,0.28989556,3.640545,19
10964,0.29867455,0.096524104,2.865384,20
10965,0.2236379,0.37284943,2.9718018,21
10966,0.08375508,0.20348664,3.596101,22
10967,0.027831428,0.58271134,2.4630334,23
10968,0.6044882,0.24502279,4.354243,0
10969,0.20931996,0.72212076,1.7802073,1
10970,0.75539875,0.6458142,3.8365955,2
10971,0.26109508,0.28323716,3.4569824,3
10972,0.65885437,0.27609122,5.7658725,4
10973,0.46181184,0.20020942,2.475324,5
10974,0.34977284,0.48053747,1.7982559,6
10975,0.17161065,0.4129672,3.5357537,7
10976,0.87491757,0.69860774,2.0010133,8
10977,0.34273523,0.6648205,3.0120518,9
10978,0.50435764,0.04362534,1.9653943,10
10979,0.26925123,0.26046705,3.3206372,11
10980,0.08648328,0.15149637,4.6402736,12
10981,0.30744562,0.26147288,2.4176335,13
10982,0.14923038,0.5068146,2.9841356,14
10983,0.14514615,0.48676273,2.5371466,15
10984,0.19070144,0.27558753,4.319249,16
10985,0.77102464,0.401149,3.1581726,17
10986,0.18734667,0.19899547,5.5233097,18
10987,0.7518841,0.34828687,3.5831199,19
10988,0.26162398,0.13752064,2.479569,20
10989,0.3359501,0.230756,2.386478,21
10990,0.27320513,0.21963069,2.4469938,22
10991,0.13281432,0.3095973,0.9479697,23
10992,0.5707709,0.3229494,2.977363,0
10993,0.049211826,0.14527556,1.8453884,1
10994,0.56551653,0.57396376,4.657118,2
10995,0.27638617,0.30629313,3.1700528,3
10996,0.5574223,0.23675002,3.7133875,4
10997,0.53794855,0.4831937,2.2633781,5
10998,0.5216003,0.4686327,3.1518638,6
10999,0.18039137,0.3438603,5.4545407,7
11000,0.895962,0.54127955,1.3267344,8
11001,0.22602357,0.6469461,1.4436935,9
11002,0.26275334,0.04103031,2.1447139,10
11003,0.33277854,0.32832363,5.215542,11
11004,0.12774901,0.14186405,5.615884,12
11005,0.27139696,0.17431846,2.7220204,13
11006,0.13471784,0.4575022,4.015831,14
11007,0.23039606,0.08238371,2.347082,15
11008,0.1875296,0.21897174,6.6853404,16
11009,0.8637042,0.2311414,3.5847414,17
11010,0.1596021,0.20723313,5.7599,18
11011,0.6884539,0.15718304,2.7150333,19
11012,0.14168756,0.25649315,2.9311717,20
11013,0.32269153,0.16570365,3.2553935,21
11014,0.12824269,0.22129901,2.510021,22
11015,0.031008236,0.27759707,3.323289,23
11016,0.7141186,0.51237595,1.9543934,0
11017,0.1563554,0.0380001,1.5414708,1
11018,0.6506345,0.6944854,4.3592253,2
11019,0.39108652,0.41133153,3.5623527,3
11020,0.6207309,0.31423074,3.0183935,4
11021,0.62589663,0.5422777,2.092965,5
11022,0.7856809,0.4263023,1.5480317,6
11023,0.2499478,0.2997542,2.16111,7
11024,0.83169186,0.5778276,1.8179464,8
11025,0.20837617,0.71134764,2.6306424,9
11026,0.16561206,0.16625597,1.5890179,10
11027,0.4197729,0.21296011,4.436807,11
11028,0.22729225,0.10789613,5.0820436,12
11029,0.5637365,0.19559516,2.5149288,13
11030,0.08617237,0.61213136,2.3537967,14
11031,0.18893228,0.07319095,2.2708366,15
11032,0.2603251,0.25943363,6.8535204,16
11033,0.701745,0.6632428,5.234041,17
11034,0.13227761,0.31848454,4.63754,18
11035,0.7211106,0.17823328,3.2414794,19
11036,0.1689049,0.31047446,3.3687468,20
11037,0.41510525,0.106781065,4.6078963,21
11038,0.11481278,0.2356974,2.9225113,22
11039,0.043040246,0.43838438,3.2851038,23
11040,0.42900002,0.4664657,4.439651,0
11041,0.09244979,0.9438662,0.8669485,1
11042,0.7305299,0.8091989,4.7387867,2
11043,0.4713763,0.39124328,2.911078,3
11044,0.76692986,0.26400766,4.7278175,4
11045,0.4406237,0.43799615,2.5470388,5
11046,0.61239964,0.5546699,2.2154148,6
11047,0.23765291,0.29828146,3.3652935,7
11048,0.8348708,0.6707892,1.0185968,8
11049,0.27014223,0.6953475,1.4392049,9
11050,0.19691476,0.12199641,2.6425967,10
11051,0.4652863,0.2446057,6.325699,11
11052,0.22995874,0.23596233,6.6480966,12
11053,0.24804306,0.2581972,5.017951,13
11054,0.11130182,0.5163357,3.3124242,14
11055,0.19387513,0.006600572,4.9353905,15
11056,0.22232932,0.32312638,5.9931173,16
11057,0.74431276,0.3423576,4.844198,17
11058,0.1722317,0.23117916,4.3316813,18
11059,0.617086,0.44997525,2.738323,19
11060,0.042514212,0.35929498,1.6279926,20
11061,0.5197181,0.1162826,2.7529085,21
11062,0.11482409,0.14902814,3.1379178,22
11063,0.44426262,0.6645774,2.2055125,23
11064,0.53098965,0.17794631,1.5477457,0
11065,0.120581485,0.9401308,0.79163384,1
11066,0.6099419,0.43758032,4.0106378,2
11067,0.44874513,0.51722234,2.8283534,3
11068,0.47019136,0.23246688,4.41842,4
11069,0.61467826,0.60826796,2.1526985,5
11070,0.62468827,0.47765714,1.9662874,6
11071,0.2439456,0.23339297,4.363884,7
11072,0.86576355,0.56640303,1.6037543,8
11073,0.44124493,0.48771736,1.9686122,9
11074,0.16090266,0.22965503,1.3564414,10
11075,0.48995352,0.29231524,5.022369,11
11076,0.06607378,0.10353683,3.5035253,12
11077,0.38517696,0.16107608,3.132527,13
11078,0.12702845,0.50947624,2.4843154,14
11079,0.18712968,0.0019321304,5.885807,15
11080,0.18841216,0.30051076,6.151511,16
11081,0.70689154,0.48331007,5.306516,17
11082,0.12892199,0.23135029,6.4244103,18
11083,0.823993,0.15874824,2.2701874,19
11084,0.11564482,0.39292303,1.3903596,20
11085,0.44846222,0.16947636,3.206608,21
11086,0.12713553,0.12131661,6.328354,22
11087,0.15709952,0.66094404,2.6328025,23
11088,0.630602,0.42201957,3.2961116,0
11089,0.061476707,0.99452555,1.7668264,1
11090,0.6237359,0.5778274,3.5238621,2
11091,0.32723323,0.5283373,3.8970706,3
11092,0.59780884,0.38706496,4.2776985,4
11093,0.526882,0.28522468,1.9194807,5
11094,0.4791374,0.5184626,2.685543,6
11095,0.20212367,0.37468994,3.2959583,7
11096,0.40724942,0.5694219,1.4218554,8
11097,0.34398752,0.6511861,2.460536,9
11098,0.11714907,0.053353313,1.4578679,10
11099,0.55199075,0.24697803,3.6852155,11
11100,0.4312102,0.1219709,4.867078,12
11101,0.48270223,0.21049318,3.4722674,13
11102,0.15610291,0.22298452,2.259697,14
11103,0.105682366,0.1191689,3.1362753,15
11104,0.3361878,0.3078327,4.75515,16
11105,0.56873655,0.3030207,2.263216,17
11106,0.16309369,0.18190274,4.858923,18
11107,0.7486985,0.1113097,3.546688,19
11108,0.15388905,0.11328401,2.4794652,20
11109,0.39548364,0.17121269,4.416003,21
11110,0.111512,0.22569978,2.630389,22
11111,0.35804042,0.62718856,1.242717,23
11112,0.34592038,0.5711211,3.4866872,0
11113,0.08504667,0.95792943,1.2839038,1
11114,0.77758163,0.72867596,4.5119843,2
11115,0.2358157,0.44253656,4.595311,3
11116,0.5226534,0.2690166,5.0248246,4
11117,0.52332145,0.4779053,1.6960238,5
11118,0.57597935,0.6326451,4.2865925,6
11119,0.28643525,0.44881198,3.988044,7
11120,0.7872655,0.67381066,1.2991414,8
11121,0.24842192,0.44476613,2.4911492,9
11122,0.069086686,0.54172146,2.3411741,10
11123,0.3421633,0.2610919,5.869451,11
11124,0.277892,0.1743413,3.9559693,12
11125,0.11917309,0.18945688,3.4955606,13
11126,0.26428464,0.42563137,3.1092567,14
11127,0.16300704,0.18060312,1.9049115,15
11128,0.23013079,0.4369678,6.339643,16
11129,0.37133718,0.5794485,2.8441992,17
11130,0.17432049,0.18730295,5.2142386,18
11131,0.5811804,0.43541375,2.7352884,19
11132,0.22665347,0.31095892,2.6757154,20
11133,0.4260954,0.23562361,3.4288332,21
11134,0.25778118,0.15751833,4.0803366,22
11135,0.20391354,0.5394411,1.6367759,23
11136,0.65682936,0.31802854,4.62064,0
11137,0.12067055,0.011164393,2.2532382,1
11138,0.5934457,0.64596283,5.187395,2
11139,0.3135878,0.31843293,2.7548614,3
11140,0.75851583,0.13931277,3.282925,4
11141,0.5640931,0.5235827,2.7200217,5
11142,0.72842485,0.6296759,1.9851304,6
11143,0.3541194,0.38934717,3.2900815,7
11144,0.7412215,0.54316694,1.3954526,8
11145,0.26764134,0.7340714,2.4452755,9
11146,0.04832719,0.045443512,2.836063,10
11147,0.549694,0.30035716,5.8155746,11
11148,0.07006568,0.17605305,3.3857749,12
11149,0.35549143,0.21765321,2.9551592,13
11150,0.13474289,0.31623855,4.3013926,14
11151,0.38165456,0.7046077,1.8969108,15
11152,0.23967402,0.3113018,4.4245954,16
11153,0.8418761,0.60219544,3.3737528,17
11154,0.15937519,0.10086643,5.3117275,18
11155,0.4563841,0.43297124,2.7052717,19
11156,0.09026012,0.16831976,3.6866488,20
11157,0.5099302,0.14179707,4.5959773,21
11158,0.19407603,0.08848176,5.3161054,22
11159,0.56526285,0.93460816,1.0275645,23
11160,0.5414381,0.57325965,4.5961933,0
11161,0.09001033,0.48779327,2.3769822,1
11162,0.69245315,0.5765922,6.999753,2
11163,0.53817123,0.39920256,4.1841173,3
11164,0.6266528,0.4382694,5.13861,4
11165,0.52481186,0.7666641,2.0786257,5
11166,0.6056293,0.5034427,1.4784365,6
11167,0.19481441,0.29384112,3.1162798,7
11168,0.65832925,0.40638623,1.2939013,8
11169,0.46041498,0.7796396,3.343297,9
11170,0.12843494,0.5228845,1.9486418,10
11171,0.2626522,0.39273033,4.626713,11
11172,0.17011482,0.16663325,4.3707232,12
11173,0.3603263,0.106986135,4.171535,13
11174,0.07652531,0.2692367,2.4204235,14
11175,0.13850768,0.022828778,4.617897,15
11176,0.21030392,0.3678259,4.760211,16
11177,0.8338762,0.35698944,3.9584322,17
11178,0.15516499,0.1301392,5.7815003,18
11179,0.77133137,0.39134115,4.1342263,19
11180,0.09586935,0.5438905,1.6266749,20
11181,0.3847782,0.112655304,3.0724816,21
11182,0.15833767,0.16143891,2.3557978,22
11183,0.20715949,0.5434165,2.0356605,23
11184,0.8256642,0.38641214,5.399028,0
11185,0.20879135,0.05850969,1.4039408,1
11186,0.59074354,0.56334436,2.9297993,2
11187,0.14599282,0.34299138,4.8339276,3
11188,0.6357917,0.17072946,4.7544785,4
11189,0.4441194,0.3900697,2.5436301,5
11190,0.5326133,0.5277514,2.3534467,6
11191,0.31796178,0.36753446,3.901259,7
11192,0.6730041,0.58674306,1.2065562,8
11193,0.40490714,0.5245193,2.456811,9
11194,0.12111227,0.23387615,2.0598962,10
11195,0.50244814,0.2606285,7.274064,11
11196,0.21270925,0.20189697,4.386574,12
11197,0.20538148,0.18330926,3.7909257,13
11198,0.2658418,0.34047732,3.5964494,14
11199,0.1108088,0.15970664,3.1712012,15
11200,0.16233596,0.26104382,2.9553652,16
11201,0.900897,0.2271813,4.4935904,17
11202,0.12046613,0.2762477,4.683171,18
11203,0.62459534,0.20910496,3.0594487,19
11204,0.12057466,0.10183135,2.7311368,20
11205,0.38066816,0.11678866,3.3989275,21
11206,0.19353086,0.17383252,2.2422051,22
11207,0.07874049,0.3801094,2.6198652,23
11208,0.6920223,0.4079721,2.6222882,0
11209,0.10459217,0.2907654,2.8302722,1
11210,0.7219916,0.77297586,4.4677334,2
11211,0.4758441,0.35739827,1.4959882,3
11212,0.57982093,0.43512645,5.0417223,4
11213,0.5551797,0.5469811,3.8663373,5
11214,0.62239003,0.5982764,2.3040364,6
11215,0.2504909,0.24335188,3.8758516,7
11216,0.7218499,0.5096719,1.8932643,8
11217,0.4424958,0.6840803,1.750746,9
11218,0.21013048,0.20240599,1.8849282,10
11219,0.5942598,0.16631106,5.4291525,11
11220,0.07412607,0.14143506,6.531604,12
11221,0.30868933,0.2814597,4.017951,13
11222,0.17943968,0.4659322,2.4207244,14
11223,0.10010534,0.049869597,3.2347705,15
11224,0.28722343,0.31222367,6.667073,16
11225,0.5933104,0.47117582,3.5566723,17
11226,0.22984333,0.09312939,7.809434,18
11227,0.8465775,0.2669175,2.4736743,19
11228,0.11670898,0.2615498,3.0463803,20
11229,0.3987193,0.1394657,3.4300733,21
11230,0.3713546,0.15468214,3.9186268,22
11231,0.4145963,0.9610386,1.3574405,23
11232,0.7310524,0.14460342,4.0891986,0
11233,0.10037157,0.08910647,1.3860315,1
11234,0.7454582,0.63396615,3.8118343,2
11235,0.46237382,0.43955886,2.2096157,3
11236,0.31264696,0.4025637,4.609323,4
11237,0.761654,0.56034267,1.6696788,5
11238,0.47463894,0.3809526,2.436236,6
11239,0.26799473,0.34920046,3.860482,7
11240,0.62915766,0.54889673,1.5219619,8
11241,0.5625983,0.83457863,3.3580277,9
11242,0.11275228,0.55916476,0.82314944,10
11243,0.37134612,0.3149304,6.24158,11
11244,0.11704657,0.18838227,4.073081,12
11245,0.21527556,0.17427485,4.4917197,13
11246,0.13751487,0.45705238,3.2694485,14
11247,0.06383437,0.4213914,2.319473,15
11248,0.20257919,0.40970528,6.7916174,16
11249,0.45489255,0.48174563,3.023169,17
11250,0.27655697,0.18312335,4.501783,18
11251,0.5560962,0.30421147,1.8416121,19
11252,0.15803805,0.07125866,4.513039,20
11253,0.30972266,0.30473134,3.9769592,21
11254,0.16722707,0.14707834,4.9732027,22
11255,0.15597965,0.76683307,2.3145194,23
11256,0.797931,0.40173525,3.8212082,0
11257,0.11363496,0.2590998,1.3779321,1
11258,0.70321786,0.78795546,3.8372307,2
11259,0.69579,0.28441796,2.8731825,3
11260,0.660195,0.451248,5.4254236,4
11261,0.45156473,0.46865952,2.2125409,5
11262,0.24145675,0.43929166,2.700503,6
11263,0.299875,0.34086347,3.433961,7
11264,0.7401249,0.7593768,2.1229436,8
11265,0.33039826,0.73409516,2.703064,9
11266,0.13987343,0.0108543495,3.820112,10
11267,0.51048017,0.19906631,7.6023793,11
11268,0.109797396,0.12766346,5.200825,12
11269,0.28929147,0.18254624,2.8876808,13
11270,0.28031152,0.46984285,3.1218438,14
11271,0.2218482,0.008755849,3.5404637,15
11272,0.14321738,0.3557954,5.3075476,16
11273,0.64199036,0.41877294,4.63898,17
11274,0.20503911,0.101591714,6.943526,18
11275,0.6292969,0.2262729,2.897704,19
11276,0.19233151,0.17607684,2.9094265,20
11277,0.4703101,0.22195126,4.7560744,21
11278,0.121096745,0.33021015,2.9653988,22
11279,0.30131763,0.31128883,1.9730694,23
11280,0.7287558,0.376673,2.6241097,0
11281,0.20356266,0.32883167,1.4297963,1
11282,0.7160042,0.61621946,4.0526085,2
11283,0.5529525,0.31512988,3.7236383,3
11284,0.5818391,0.28901565,5.118081,4
11285,0.4412923,0.6069288,2.6777363,5
11286,0.60660416,0.4897255,2.7186098,6
11287,0.23563659,0.36432043,2.5878918,7
11288,0.8100927,0.66135895,1.219862,8
11289,0.22208618,0.8161128,4.006174,9
11290,0.054157402,0.43635345,1.494531,10
11291,0.4619419,0.27789748,5.761755,11
11292,0.12960738,0.16107972,4.1515384,12
11293,0.3889768,0.23034033,3.7206483,13
11294,0.20945501,0.62857425,1.7461361,14
11295,0.080934584,0.3974078,3.2063084,15
11296,0.2539864,0.37856096,6.047129,16
11297,0.8898503,0.38480172,3.0618505,17
11298,0.23106802,0.26330322,5.122903,18
11299,0.6428307,0.19589998,2.26865,19
11300,0.103681765,0.6518143,1.6170644,20
11301,0.4465929,0.11153946,3.6670356,21
11302,0.071462825,0.12856215,6.304516,22
11303,0.1210991,0.7979696,3.0725036,23
11304,0.63098633,0.3393567,4.6337876,0
11305,0.11669617,0.8132587,1.7000287,1
11306,0.7150216,0.55689955,5.841629,2
11307,0.50628567,0.4125673,3.7258687,3
11308,0.6452604,0.50871193,5.434463,4
11309,0.4827409,0.7391396,1.9906559,5
11310,0.2404972,0.7914937,2.9628012,6
11311,0.40923056,0.49045035,3.497553,7
11312,0.50452214,0.60540396,2.6288276,8
11313,0.37367806,0.79784995,2.299724,9
11314,0.13519175,0.12965915,1.2556694,10
11315,0.37464878,0.23340762,5.9691076,11
11316,0.1932838,0.21303977,2.9831896,12
11317,0.33451918,0.1492397,3.6162777,13
11318,0.14691737,0.30629814,3.4094648,14
11319,0.16015399,0.5905903,1.4514489,15
11320,0.20957603,0.2832793,5.861472,16
11321,0.43540508,0.57317877,5.01202,17
11322,0.20919777,0.15192243,4.4693117,18
11323,0.9042352,0.35728374,2.7312124,19
11324,0.18891396,0.087406754,3.0409229,20
11325,0.48590282,0.20144188,5.9820776,21
11326,0.07309208,0.102745,5.178325,22
11327,0.057549402,0.79375625,1.4258242,23
11328,0.85955006,0.5688855,4.7261543,0
11329,0.1596464,0.14052832,1.9654816,1
11330,0.80366707,0.49700302,2.5508494,2
11331,0.5389645,0.27088368,2.1668885,3
11332,0.5425234,0.33814836,4.759014,4
11333,0.4702591,0.49139592,4.28203,5
11334,0.663497,0.6077812,3.2991312,6
11335,0.16382772,0.35452017,2.7458386,7
11336,0.67608744,0.831923,1.9733744,8
11337,0.3354735,0.6293266,2.0387177,9
11338,0.30596673,0.023918452,2.913992,10
11339,0.30837724,0.25210282,4.805319,11
11340,0.31155834,0.07589051,4.488055,12
11341,0.45854476,0.13707513,4.2782125,13
11342,0.21519183,0.71298724,4.193912,14
11343,0.09582042,0.5157102,1.3279707,15
11344,0.14805155,0.3894714,5.7659965,16
11345,0.7852865,0.4674635,3.3291886,17
11346,0.24749859,0.11498662,5.2607913,18
11347,0.7325123,0.22385137,3.2863142,19
11348,0.08256799,0.1329139,2.3661125,20
11349,0.36664337,0.43404746,3.0087135,21
11350,0.15347992,0.1392716,3.2203236,22
11351,0.010807391,0.6198037,3.7771564,23
11352,0.6465973,0.26257744,2.678479,0
11353,0.16466632,0.72230667,2.0407677,1
11354,0.74231887,0.44075593,5.3733325,2
11355,0.30351204,0.28435266,3.211163,3
11356,0.2478994,0.39232576,3.993995,4
11357,0.6081708,0.75586474,2.7573178,5
11358,0.5840343,0.46613425,2.3691092,6
11359,0.18276471,0.261792,3.4051867,7
11360,0.78351104,0.46219215,1.8803693,8
11361,0.3548813,0.6405684,1.9712843,9
11362,0.35561734,0.10626777,2.48615,10
11363,0.32281202,0.27362823,4.3332014,11
11364,0.2122281,0.18360458,4.5866547,12
11365,0.3115263,0.26188096,3.5731816,13
11366,0.1631751,0.6752601,1.9996423,14
11367,0.10127853,0.09856637,4.0893874,15
11368,0.19189417,0.1744108,4.3118296,16
11369,0.6410404,0.5522171,3.7726805,17
11370,0.1785649,0.099903785,6.218152,18
11371,0.6435291,0.20726597,3.9503136,19
11372,0.078248166,0.3488911,2.7361364,20
11373,0.35446006,0.3749356,3.2262924,21
11374,0.10387484,0.09564977,4.760745,22
11375,0.12067678,0.7136211,2.3558784,23
11376,0.80610305,0.3099812,2.0786347,0
11377,0.15365283,0.8890221,1.6462893,1
11378,0.82689315,0.56483924,6.371651,2
11379,0.39292502,0.43163702,3.2372575,3
11380,0.49007976,0.35749644,4.0528135,4
11381,0.6787404,0.41583398,2.1505742,5
11382,0.55520415,0.48179322,2.6039715,6
11383,0.28823477,0.3234917,3.37329,7
11384,0.65663886,0.70281214,2.7521715,8
11385,0.48308697,0.5570019,1.6587527,9
11386,0.05936841,0.035323557,3.8556323,10
11387,0.33443427,0.32590222,5.8826265,11
11388,0.13281731,0.19520988,5.8847866,12
11389,0.34346995,0.21117885,3.6915922,13
11390,0.12576339,0.18847133,2.046924,14
11391,0.22184855,0.05435281,2.2923992,15
11392,0.14003764,0.3840577,6.703622,16
11393,0.60793483,0.39331788,4.086012,17
11394,0.16521463,0.16184573,5.4121447,18
11395,0.66339713,0.59992975,2.9327168,19
11396,0.20982882,0.05929466,5.7017446,20
11397,0.4091208,0.13757157,4.1113443,21
11398,0.22136252,0.10439766,3.9421587,22
11399,0.47299078,0.6948474,1.9219095,23
11400,0.5907075,0.38046476,3.783136,0
11401,0.085419945,0.011574859,1.4173259,1
11402,0.78629285,0.6386703,3.6235573,2
11403,0.6035558,0.3878461,4.223743,3
11404,0.67496914,0.35726228,5.560448,4
11405,0.61475295,0.4370674,2.8870463,5
11406,0.50127417,0.5789188,2.6281834,6
11407,0.21850222,0.24634087,3.532562,7
11408,0.69926053,0.7230451,1.0452394,8
11409,0.29767004,0.7170149,2.336724,9
11410,0.5083254,0.01587768,2.469576,10
11411,0.4369198,0.20213942,4.3475094,11
11412,0.25196418,0.08685972,4.1416306,12
11413,0.32533392,0.24955904,4.47398,13
11414,0.19112532,0.3662211,2.1714296,14
11415,0.07237555,0.9422148,1.0172237,15
11416,0.30286103,0.25670516,3.106426,16
11417,0.8467992,0.39402908,2.2738912,17
11418,0.1763299,0.09521125,7.3830986,18
11419,0.49633732,0.2659855,2.9238105,19
11420,0.15669858,0.26711702,2.6015153,20
11421,0.43573216,0.12473796,3.4641397,21
11422,0.16903426,0.15281805,4.1543584,22
11423,0.09656416,0.6841148,2.3187895,23
11424,0.70469576,0.26907936,2.2950432,0
11425,0.12800832,0.06181837,1.2490075,1
11426,0.658758,0.6673104,3.7014384,2
11427,0.4269321,0.24136178,3.2130127,3
11428,0.80050063,0.31352118,4.6379046,4
11429,0.5847433,0.5776615,2.0831523,5
11430,0.4187494,0.47541392,2.5255108,6
11431,0.21042348,0.338604,4.8103566,7
11432,0.77416366,0.81595874,2.8666492,8
11433,0.26478663,0.88964945,3.9194987,9
11434,0.19930452,0.32206208,1.0222857,10
11435,0.4029922,0.33463895,5.0753407,11
11436,0.16912846,0.17509225,5.541883,12
11437,0.30426776,0.19000816,4.6032367,13
11438,0.14699699,0.42485547,2.6694446,14
11439,0.12524128,0.030082515,2.9353383,15
11440,0.20669338,0.40714142,5.861618,16
11441,0.8871904,0.54031295,2.9456818,17
11442,0.16018641,0.1620128,5.27374,18
11443,0.74306554,0.42391756,3.8242722,19
11444,0.24863498,0.18152843,3.3167968,20
11445,0.28892592,0.16921633,4.2494636,21
11446,0.16588862,0.13813104,2.3295937,22
11447,0.046886016,0.5565091,2.5002196,23
11448,0.81705683,0.46454662,4.1909866,0
11449,0.11061173,0.15808097,1.8677232,1
11450,0.7979505,0.49636075,5.1629763,2
11451,0.56907094,0.26871127,2.8628154,3
11452,0.52801216,0.32580835,4.5068097,4
11453,0.6298404,0.8203525,2.4206367,5
11454,0.5757766,0.46594754,3.2559156,6
11455,0.3260951,0.3864555,3.0255988,7
11456,0.6429568,0.8769859,2.0188978,8
11457,0.41009232,0.63867885,2.5641227,9
11458,0.103236265,0.32826933,2.1524518,10
11459,0.34127218,0.2818246,5.169378,11
11460,0.042716466,0.24644814,6.3666506,12
11461,0.4102027,0.25743118,4.406452,13
11462,0.11025303,0.11770149,1.9775839,14
11463,0.11397689,0.33272007,1.953422,15
11464,0.27374974,0.22205277,5.8001957,16
11465,0.71370345,0.4780223,4.3400297,17
11466,0.1514698,0.19093536,5.8215675,18
11467,0.7399969,0.4293081,4.1506615,19
11468,0.23698592,0.16473538,4.610023,20
11469,0.5086857,0.20533416,3.2839427,21
11470,0.23315826,0.32762292,1.670164,22
11471,0.04478841,0.6725294,2.3502448,23
11472,0.38351962,0.40286756,2.2495213,0
11473,0.04689794,0.12558946,1.4340097,1
11474,0.59107757,0.45423153,2.729322,2
11475,0.16046391,0.36346796,4.1870174,3
11476,0.65219855,0.21297887,6.3685913,4
11477,0.5480706,0.57117766,1.012678,5
11478,0.84498566,0.64281416,2.634334,6
11479,0.15371431,0.27895242,2.6792383,7
11480,0.716797,0.75768363,2.3249843,8
11481,0.19555143,0.5989644,1.8283255,9
11482,0.06817877,0.67627704,1.3487332,10
11483,0.280472,0.23501341,5.137061,11
11484,0.12857732,0.14622983,4.0674996,12
11485,0.4781488,0.21399121,5.093358,13
11486,0.09741442,0.6009603,3.5442796,14
11487,0.18575028,0.11458779,3.6123464,15
11488,0.18629946,0.24470818,4.502935,16
11489,0.8623861,0.4773566,3.994553,17
11490,0.24086934,0.07768972,7.4154544,18
11491,0.68637115,0.19141853,3.6107519,19
11492,0.15648708,0.06422657,5.2598963,20
11493,0.52884424,0.30183855,3.556832,21
11494,0.17495061,0.2002273,3.4445658,22
11495,0.19808899,0.70753986,1.7355818,23
11496,0.64635056,0.48388135,3.5874727,0
11497,0.24596925,0.7591581,1.1211241,1
11498,0.8030776,0.51931214,4.314855,2
11499,0.35073137,0.37184122,3.05262,3
11500,0.7424315,0.36194405,4.138811,4
11501,0.3942839,0.73534226,3.7027838,5
11502,0.40176558,0.61252165,3.6488936,6
11503,0.24468762,0.28781885,3.4652662,7
11504,0.5277502,0.8891472,0.99568355,8
11505,0.2539844,0.7546016,2.147436,9
11506,0.10208928,0.35796124,1.5578418,10
11507,0.19548632,0.41637796,4.5569525,11
11508,0.113237604,0.078458436,5.2178426,12
11509,0.35522133,0.15518507,3.3653336,13
11510,0.19220476,0.3841686,2.3630555,14
11511,0.11660567,0.79699695,1.5184319,15
11512,0.10457583,0.26383567,5.009212,16
11513,0.83548987,0.34761345,2.1233912,17
11514,0.15916467,0.23701319,5.020937,18
11515,0.741642,0.24132256,2.416717,19
11516,0.13677135,0.11868251,4.408656,20
11517,0.3959293,0.17571661,4.02497,21
11518,0.124532074,0.094847165,4.152564,22
11519,0.5584658,0.9478836,1.3019146,23
11520,0.5855678,0.46272382,4.4458494,0
11521,0.096672915,0.71313,1.4641339,1
11522,0.68844485,0.75384843,4.285754,2
11523,0.41927117,0.32636893,4.687865,3
11524,0.5093437,0.34089062,5.581852,4
11525,0.61216664,0.47784907,1.7836581,5
11526,0.26525187,0.43430573,2.4929159,6
11527,0.21706147,0.41203672,4.1411753,7
11528,0.8787948,0.37664056,1.3824961,8
11529,0.36141172,0.53562075,1.9415915,9
11530,0.15465398,0.33366004,2.5881257,10
11531,0.297832,0.3247868,4.596415,11
11532,0.09325551,0.18293217,4.5216866,12
11533,0.3754001,0.13168678,3.4656847,13
11534,0.13706458,0.54945594,3.4810612,14
11535,0.056124378,0.9951121,0.49729443,15
11536,0.19161251,0.30246988,4.6257915,16
11537,0.8547189,0.48711103,5.353472,17
11538,0.22326598,0.26429304,3.1229744,18
11539,0.84472555,0.12638967,2.3206444,19
11540,0.10610334,0.13213673,2.0288758,20
11541,0.3860177,0.13635272,3.4755447,21
11542,0.22373995,0.2302863,2.332292,22
11543,0.37871966,0.8652349,2.3825195,23
11544,0.6441421,0.38639316,4.582738,0
11545,0.15668419,0.051745553,2.940834,1
11546,0.66663146,0.42817453,2.703802,2
11547,0.49161157,0.15448758,4.3742375,3
11548,0.75222695,0.45377362,5.5008006,4
11549,0.56560266,0.69988537,2.88652,5
11550,0.4827053,0.5573402,2.3653827,6
11551,0.3368832,0.3965724,2.9835062,7
11552,0.7675626,0.5482904,0.9838491,8
11553,0.4136668,0.5909781,3.4162807,9
11554,0.25625214,0.034426916,3.00356,10
11555,0.34927148,0.1960208,4.228685,11
11556,0.13569708,0.14884065,5.021462,12
11557,0.29556927,0.3744253,4.7416573,13
11558,0.13021854,0.17556442,1.6714144,14
11559,0.15796512,0.053011343,4.11015,15
11560,0.20283751,0.29635352,4.4214716,16
11561,0.48401174,0.31140652,3.2089634,17
11562,0.16689967,0.16648568,3.6570244,18
11563,0.6424179,0.3055681,3.364946,19
11564,0.11413266,0.5290516,2.142778,20
11565,0.33451167,0.2592406,4.097787,21
11566,0.10870883,0.0760031,5.2229886,22
11567,0.06114123,0.6746617,2.8656592,23
11568,0.66668195,0.30417264,2.6608353,0
11569,0.16353124,0.2951951,1.6082816,1
11570,0.64165825,0.44176027,3.988564,2
11571,0.4640529,0.38745227,5.1824145,3
11572,0.41811252,0.21454443,4.4278426,4
11573,0.45426124,0.58995014,2.6797533,5
11574,0.45922863,0.7135082,2.4613318,6
11575,0.15759821,0.34409913,3.1600478,7
11576,0.69249815,0.65626454,1.2959685,8
11577,0.2929923,0.5130233,1.9957649,9
11578,0.072184026,0.10354312,2.375374,10
11579,0.50546646,0.34879926,4.2850633,11
11580,0.15418269,0.28654265,5.285099,12
11581,0.2652709,0.21742013,4.2270765,13
11582,0.13430487,0.2319073,2.7038636,14
11583,0.09090996,0.5139113,2.444692,15
11584,0.20566921,0.20372482,2.879836,16
11585,0.7588097,0.4196104,3.554088,17
11586,0.13127467,0.13339931,6.525474,18
11587,0.7028288,0.27467147,4.017251,19
11588,0.16605927,0.21942198,2.7142553,20
11589,0.4950886,0.16407742,4.3733983,21
11590,0.07944824,0.2454845,4.313188,22
11591,0.12135109,0.94765896,1.5368118,23
11592,0.6305466,0.43979162,3.4397812,0
11593,0.07936561,0.50204164,1.7026854,1
11594,0.5473066,0.5082998,3.8969982,2
11595,0.5138045,0.17405225,3.8869224,3
11596,0.5389004,0.4520368,5.5585427,4
11597,0.44838014,0.44210473,1.9001793,5
11598,0.23523073,0.5252591,1.8455615,6
11599,0.29025137,0.36451423,2.7992058,7
11600,0.8084893,0.5528107,1.5294378,8
11601,0.28605288,0.8375053,3.5293236,9
11602,0.07152038,0.03395402,2.5540395,10
11603,0.38637242,0.19701765,5.6772637,11
11604,0.18462732,0.13716117,3.8967519,12
11605,0.3699504,0.38201058,3.823678,13
11606,0.09426445,0.36461753,4.209904,14
11607,0.22647567,0.003806358,5.548548,15
11608,0.23823336,0.2990783,5.94688,16
11609,0.80903536,0.38353863,4.6031165,17
11610,0.16843793,0.28093112,4.989001,18
11611,0.50091976,0.14071368,2.27898,19
11612,0.10347905,0.0783518,3.5794148,20
11613,0.46345866,0.23673019,3.1943057,21
11614,0.11486779,0.08650454,5.309406,22
11615,0.4392401,0.87107635,2.386269,23
11616,0.6293697,0.27521408,3.981556,0
11617,0.13244706,0.7836577,1.4561795,1
11618,0.6811813,0.5566124,4.43876,2
11619,0.6561489,0.36800718,3.055088,3
11620,0.7147322,0.30764455,4.2448215,4
11621,0.36117604,0.4938383,1.4718019,5
11622,0.5009269,0.84376866,2.5765324,6
11623,0.20538424,0.26613468,5.0676117,7
11624,0.6662619,0.39222327,1.6260395,8
11625,0.2882566,0.7887093,1.7582736,9
11626,0.06910726,0.0029422557,2.937018,10
11627,0.4359919,0.20164771,6.515112,11
11628,0.06724427,0.14212187,2.7527766,12
11629,0.3324487,0.3156728,2.711268,13
11630,0.17002384,0.53027105,2.4390264,14
11631,0.13188253,0.070157506,4.994672,15
11632,0.18535413,0.3603416,5.5113835,16
11633,0.88424987,0.8104581,3.3974724,17
11634,0.32688347,0.1461137,6.1652746,18
11635,0.75331146,0.12589236,2.1234415,19
11636,0.10472577,0.27204522,1.1766099,20
11637,0.2883679,0.21420021,4.7594843,21
11638,0.14872615,0.19738667,2.8164153,22
11639,0.11261056,0.2591564,1.500089,23
11640,0.39076483,0.4103068,4.6869817,0
11641,0.025620341,0.9836782,1.2343998,1
11642,0.79495376,0.56692505,4.101401,2
11643,0.32725856,0.30101085,5.1135054,3
11644,0.60622036,0.25774655,4.648071,4
11645,0.5777187,0.27413836,2.752346,5
11646,0.695816,0.7999599,3.8144689,6
11647,0.29896635,0.21096854,2.6450448,7
11648,0.865297,0.76318246,2.883821,8
11649,0.30790046,0.38057792,1.2418704,9
11650,0.16352843,0.016864732,1.8410021,10
11651,0.3716543,0.30537707,5.0186896,11
11652,0.22120386,0.21663262,4.97069,12
11653,0.37494886,0.2360415,3.686952,13
11654,0.1446606,0.41117573,1.7208512,14
11655,0.055681437,0.084024996,3.1330523,15
11656,0.1999786,0.2626911,4.003975,16
11657,0.81066763,0.50837934,3.6978536,17
11658,0.1355427,0.111145645,5.5008407,18
11659,0.4679561,0.28452334,2.277369,19
11660,0.043149173,0.22126712,3.2110662,20
11661,0.39170212,0.13515206,3.9549375,21
11662,0.14410661,0.09917371,2.9491184,22
11663,0.106568344,0.83687574,3.0087128,23
11664,0.780411,0.44065744,2.85197,0
11665,0.157995,0.792235,1.3205967,1
11666,0.6986473,0.555298,5.39624,2
11667,0.34083357,0.43251926,2.209498,3
11668,0.73493916,0.26597914,3.3379793,4
11669,0.55805796,0.25777978,1.425849,5
11670,0.4733579,0.5748069,3.5268388,6
11671,0.15507707,0.27482644,2.4970777,7
11672,0.62612563,0.5372818,1.9308963,8
11673,0.34160778,0.70726764,2.7755926,9
11674,0.05592126,0.11084076,1.9716357,10
11675,0.41137293,0.24113865,5.081229,11
11676,0.097106636,0.15994708,4.05971,12
11677,0.4458038,0.13011213,2.6350975,13
11678,0.12573403,0.41607025,3.14754,14
11679,0.18816942,0.018968433,5.4564285,15
11680,0.31938392,0.2867935,4.177941,16
11681,0.86174035,0.5547593,4.7527556,17
11682,0.21207534,0.10711296,5.3092985,18
11683,0.5887759,0.14083944,2.4948452,19
11684,0.07863388,0.4313539,1.1691335,20
11685,0.43574306,0.3195382,3.8409324,21
11686,0.14342244,0.11150333,5.180113,22
11687,0.043070845,0.33429548,4.3910613,23
11688,0.6395707,0.3664296,4.1370864,0
11689,0.11716161,0.91641617,2.1357498,1
11690,0.7462767,0.65825236,5.754276,2
11691,0.35743135,0.3109842,3.5147283,3
11692,0.49645242,0.3995308,5.9738035,4
11693,0.59918267,0.6845963,2.156433,5
11694,0.59504974,0.5780404,3.20035,6
11695,0.40670764,0.27677068,3.257501,7
11696,0.7820405,0.6706978,1.3253477,8
11697,0.5312431,0.688901,3.623381,9
11698,0.123862594,0.6521441,1.5271949,10
11699,0.34256312,0.3994821,4.1664805,11
11700,0.07792801,0.21793452,4.378595,12
11701,0.26471385,0.3108242,2.88483,13
11702,0.262977,0.41895172,2.759801,14
11703,0.034307454,0.9038635,1.4256237,15
11704,0.19465253,0.2730174,3.826357,16
11705,0.7393481,0.50020915,2.7522027,17
11706,0.21989375,0.1628515,6.9136662,18
11707,0.44335312,0.30013287,3.4961164,19
11708,0.079277195,0.39688316,1.9778628,20
11709,0.47913143,0.08341889,3.7743497,21
11710,0.20516047,0.17849529,1.8285291,22
11711,0.07752799,0.5990742,2.0582685,23
11712,0.76350766,0.4211387,2.096334,0
11713,0.13658275,0.027771454,1.0219805,1
11714,0.84522474,0.7129907,4.644454,2
11715,0.4654967,0.25479138,4.7418146,3
11716,0.75195956,0.30104125,4.4255643,4
11717,0.25182065,0.7929848,2.0276282,5
11718,0.64289457,0.5535218,2.5299952,6
11719,0.2753898,0.35562387,3.6647594,7
11720,0.7975317,0.6233198,1.4051943,8
11721,0.21415596,0.7632037,1.8447274,9
11722,0.041663144,0.9044249,1.4198654,10
11723,0.33232042,0.22433552,5.4459934,11
11724,0.09718194,0.2610259,4.38875,12
11725,0.41050798,0.17387013,4.778051,13
11726,0.2353127,0.35471296,3.2273078,14
11727,0.06821731,0.31530184,1.8463744,15
11728,0.1850686,0.3488701,5.1377163,16
11729,0.7269236,0.572942,5.1274486,17
11730,0.20531967,0.15607728,5.6549783,18
11731,0.65237164,0.11914816,2.5608218,19
11732,0.058108963,0.42178765,2.3083515,20
11733,0.320941,0.3131444,4.6465273,21
11734,0.14973603,0.072724134,5.5442104,22
11735,0.03561265,0.32506388,1.9286066,23
11736,0.7014276,0.2901322,3.2143912,0
11737,0.16840197,0.8295054,1.4044864,1
11738,0.69441736,0.73190343,6.1419497,2
11739,0.37148216,0.19730498,3.2086146,3
11740,0.62842137,0.3629864,3.4420547,4
11741,0.45998153,0.4372479,2.591477,5
11742,0.45714515,0.54530627,2.3426352,6
11743,0.34384966,0.30762112,3.4517126,7
11744,0.67805994,0.78653115,1.8968655,8
11745,0.33820784,0.90979606,3.1992455,9
11746,0.10492919,0.03472097,3.1860864,10
11747,0.33496568,0.2997647,5.05124,11
11748,0.1446362,0.108002536,3.7622583,12
11749,0.3424757,0.23621163,3.7289553,13
11750,0.16329214,0.45349643,2.9148939,14
11751,0.13129942,0.02774847,5.6364007,15
11752,0.23821233,0.21500584,4.317973,16
11753,0.91856164,0.46474695,4.0618973,17
11754,0.122951284,0.21536809,4.3535366,18
11755,0.6388056,0.17260908,3.2521627,19
11756,0.11555702,0.37034252,2.0359712,20
11757,0.4913874,0.1786206,3.6970878,21
11758,0.21077482,0.20395645,2.4060414,22
11759,0.41897744,0.8385948,1.2435546,23
11760,0.37535173,0.450469,2.78507,0
11761,0.116511464,0.038630955,1.5717572,1
11762,0.7597482,0.8135644,7.170939,2
11763,0.5598747,0.32450953,5.2337837,3
11764,0.35449985,0.31896842,4.2467804,4
11765,0.7007698,0.56220543,1.5690248,5
11766,0.71485335,0.62070155,3.5269,6
11767,0.25554404,0.34025708,2.3029816,7
11768,0.7933938,0.6937351,2.5452354,8
11769,0.55943024,0.5776318,3.585687,9
11770,0.1528046,0.13573664,1.7507572,10
11771,0.4206023,0.30565032,4.7266073,11
11772,0.08663656,0.20771906,6.2500305,12
11773,0.1827369,0.19461279,3.3358736,13
11774,0.1889138,0.30010593,2.1660953,14
11775,0.09369622,0.053871173,5.989842,15
11776,0.13778503,0.21480142,5.2621846,16
11777,0.7345557,0.41753566,3.7769556,17
11778,0.13981842,0.1450338,5.9765053,18
11779,0.56912786,0.43158877,3.2565224,19
11780,0.23767346,0.022882178,5.574672,20
11781,0.27805603,0.27610418,3.1581128,21
11782,0.14014116,0.39221925,1.9369814,22
11783,0.14451885,0.8006044,1.7776566,23
11784,0.6165095,0.5375074,4.8444805,0
11785,0.077239566,0.1664016,1.4653554,1
11786,0.77048665,0.6430808,5.661253,2
11787,0.55138695,0.5124959,4.500333,3
11788,0.5073265,0.48406208,5.913012,4
11789,0.45885915,0.33830518,1.6945148,5
11790,0.90717036,0.43169138,3.0590508,6
11791,0.23454314,0.23728603,1.797737,7
11792,0.89887863,0.7233302,1.9916649,8
11793,0.39832512,0.8373273,2.1844132,9
11794,0.3793279,0.107961014,2.1429062,10
11795,0.30706424,0.23048863,5.9620895,11
11796,0.07218329,0.3004304,5.715873,12
11797,0.3046669,0.11437522,4.182393,13
11798,0.23866731,0.3676723,3.7699609,14
11799,0.05328687,0.002413386,5.0366297,15
11800,0.10751143,0.3721905,3.4149346,16
11801,0.65620404,0.4176185,4.697079,17
11802,0.23046221,0.1332488,6.452715,18
11803,0.797738,0.33726102,2.2065566,19
11804,0.17402591,0.17809129,2.5663471,20
11805,0.5058815,0.11932017,3.5936813,21
11806,0.16672178,0.12484434,4.8101063,22
11807,0.4910197,0.80357426,0.5198362,23
11808,0.5499735,0.23637432,3.7360432,0
11809,0.21520057,0.96665657,1.2454618,1
11810,0.51554954,0.5377885,5.3920116,2
11811,0.12173575,0.19880246,2.4401019,3
11812,0.61149335,0.4849607,5.5891714,4
11813,0.34764785,0.36269608,1.6420037,5
11814,0.45770186,0.6858582,2.200196,6
11815,0.28750384,0.31519014,2.9783154,7
11816,0.7798479,0.81680596,2.1304414,8
11817,0.3394974,0.5988811,1.8807738,9
11818,0.1920712,0.13963537,1.5296443,10
11819,0.4423145,0.2351439,5.7478423,11
11820,0.053421106,0.22375393,5.032895,12
11821,0.31748924,0.13961318,3.9014924,13
11822,0.18775606,0.31506354,2.3907015,14
11823,0.04934768,0.69804525,3.3299236,15
11824,0.15928808,0.30257016,4.0719657,16
11825,0.62788975,0.64648396,3.5800376,17
11826,0.24499892,0.14063948,7.051876,18
11827,0.6648197,0.17616557,3.1689782,19
11828,0.12675169,0.110671036,4.612577,20
11829,0.35971904,0.27523595,3.2834778,21
11830,0.15508774,0.14286767,3.096734,22
11831,0.21680276,0.6474384,2.270022,23
11832,0.55934596,0.407752,3.4407907,0
11833,0.08961294,0.51976424,1.667816,1
11834,0.5833038,0.65880036,5.098911,2
11835,0.35993254,0.47355306,4.3214064,3
11836,0.61768615,0.36020067,4.6851044,4
11837,0.27684814,0.6686688,2.4582543,5
11838,0.5914872,0.76703644,3.1348524,6
11839,0.19572137,0.22740403,2.2497644,7
11840,0.9019676,0.7112521,1.9690849,8
11841,0.24131767,0.85428005,3.2134593,9
11842,0.2379257,0.20580584,1.1953951,10
11843,0.3450902,0.19798246,4.204269,11
11844,0.07203941,0.14142425,3.4504497,12
11845,0.36584806,0.18123905,4.393977,13
11846,0.13789696,0.5541098,4.5070267,14
11847,0.22481391,0.018427009,5.371356,15
11848,0.18941198,0.24756257,3.8380485,16
11849,0.7172746,0.57605416,5.0066137,17
11850,0.22716239,0.153535,5.2377787,18
11851,0.738129,0.21431561,4.378762,19
11852,0.30102688,0.20155652,2.7703884,20
11853,0.48263153,0.32930943,5.2023735,21
11854,0.16220888,0.1597195,4.87389,22
11855,0.22026528,0.64521897,1.1771345,23
11856,0.70684516,0.29165205,3.6447806,0
11857,0.11500237,0.03222188,1.5437663,1
11858,0.61074185,0.5265224,3.1098676,2
11859,0.60864246,0.30591747,2.733958,3
11860,0.796236,0.36697173,5.616831,4
11861,0.57099396,0.7060762,2.8024218,5
11862,0.49664482,0.3614089,2.6534393,6
11863,0.17861651,0.26840553,2.9977374,7
11864,0.70721084,0.75908685,1.6227728,8
11865,0.6550486,0.6246993,2.471714,9
11866,0.0463897,0.523349,2.5650244,10
11867,0.4496212,0.27432793,4.2975492,11
11868,0.18084411,0.13881217,4.510392,12
11869,0.39564994,0.1958033,4.6473246,13
11870,0.111747704,0.46935752,2.1601815,14
11871,0.10757588,0.11770783,3.9887965,15
11872,0.16272523,0.4021756,5.7271247,16
11873,0.42363873,0.4383866,4.287337,17
11874,0.1461091,0.20729466,5.022126,18
11875,0.7812217,0.38188767,3.40738,19
11876,0.21004003,0.13387647,3.1444283,20
11877,0.37988427,0.2835047,4.2893357,21
11878,0.08975279,0.23758857,3.1759095,22
11879,0.062230058,0.5390826,2.053848,23
11880,0.71052605,0.48866904,3.2729232,0
11881,0.07032312,0.8584803,1.1139668,1
11882,0.81569934,0.5677328,4.2389417,2
11883,0.24959677,0.34404242,3.840138,3
11884,0.6624589,0.4678933,4.7559433,4
11885,0.4177295,0.8006031,1.5433651,5
11886,0.83686686,0.70550984,4.711899,6
11887,0.21997085,0.31920168,3.1440015,7
11888,0.8488937,0.59734696,1.2551043,8
11889,0.46337047,0.773008,2.1621857,9
11890,0.14995146,0.13537048,2.3792849,10
11891,0.3536998,0.13612838,3.2794187,11
11892,0.27890617,0.08732977,6.186805,12
11893,0.49122304,0.19606633,3.5802116,13
11894,0.1619615,0.4808107,3.89544,14
11895,0.3021174,0.066452585,4.8231945,15
11896,0.19798769,0.27907667,3.1484952,16
11897,0.7203871,0.55289495,3.6576033,17
11898,0.18372904,0.17014618,5.8672004,18
11899,0.5117995,0.29485342,2.539818,19
11900,0.12454716,0.19688192,1.8873607,20
11901,0.39640555,0.26241565,4.9759016,21
11902,0.05993548,0.13244352,5.072313,22
11903,0.13567086,0.91613305,2.108073,23
11904,0.81999916,0.29141077,3.6495187,0
11905,0.14058807,0.3296915,2.445251,1
11906,0.7345594,0.6116258,4.5745225,2
11907,0.22069481,0.31025276,4.030793,3
11908,0.7285743,0.24423645,3.772694,4
11909,0.62730694,0.29481378,1.7729948,5
11910,0.49499184,0.33819103,3.2121916,6
11911,0.2588541,0.24718104,3.5357685,7
11912,0.76591456,0.67570347,1.1869378,8
11913,0.43872628,0.79249173,2.587739,9
11914,0.07860241,0.15741973,2.7014947,10
11915,0.47979176,0.18183139,3.6170995,11
11916,0.12496493,0.14580473,4.312128,12
11917,0.25527212,0.20270488,4.3147793,13
11918,0.13346677,0.5918792,3.4274292,14
11919,0.3048583,0.010132176,5.7259455,15
11920,0.1666919,0.26673916,3.266474,16
11921,0.5753589,0.57377297,4.449054,17
11922,0.18142833,0.18182532,4.913582,18
11923,0.7300892,0.14324018,2.2707121,19
11924,0.09887334,0.44509947,1.4377091,20
11925,0.47065297,0.16872142,4.683758,21
11926,0.11913243,0.24644436,2.8909996,22
11927,0.4757206,0.9402875,1.1360401,23
11928,0.34907126,0.3191506,3.4393847,0
11929,0.121032424,0.6902341,0.7197689,1
11930,0.75913906,0.6453982,2.6401293,2
11931,0.33730474,0.5076037,3.4928908,3
11932,0.43166855,0.34122708,5.722577,4
11933,0.5664537,0.50831,2.1241763,5
11934,0.67017335,0.75344795,3.0451586,6
11935,0.21796618,0.2692045,4.127603,7
11936,0.55386394,0.7034831,1.7781179,8
11937,0.2707082,0.6779991,1.7101679,9
11938,0.039127216,0.20101696,1.851922,10
11939,0.5544881,0.30537274,5.5085874,11
11940,0.17062287,0.1373578,4.7929096,12
11941,0.3059956,0.18701294,4.0483785,13
11942,0.13310535,0.3364372,2.1930442,14
11943,0.18190357,0.19916414,2.1610732,15
11944,0.20876095,0.18962492,3.537204,16
11945,0.5857194,0.49503946,4.1599684,17
11946,0.18860266,0.18021868,6.5319724,18
11947,0.6557614,0.116116256,2.788239,19
11948,0.13956642,0.009027188,6.4781327,20
11949,0.31581447,0.23202814,3.0442653,21
11950,0.1906621,0.2617372,3.4876027,22
11951,0.047355805,0.42913926,2.338502,23
11952,0.79663646,0.44303888,2.8374746,0
11953,0.13065137,0.17736888,1.9677064,1
11954,0.8237926,0.75651014,4.083052,2
11955,0.4285812,0.24075237,2.7759838,3
11956,0.62775576,0.25114697,3.2725396,4
11957,0.69607514,0.37707222,1.9444745,5
11958,0.63504875,0.63730013,3.3481793,6
11959,0.4728811,0.3586155,3.2739706,7
11960,0.6853543,0.5911788,1.50065,8
11961,0.37284014,0.555976,2.7143192,9
11962,0.12282542,0.0776724,2.5739179,10
11963,0.31513295,0.18894175,5.611946,11
11964,0.17931665,0.15388061,4.493456,12
11965,0.40097436,0.1421423,5.1858883,13
11966,0.18253669,0.39555943,2.3073258,14
11967,0.06083194,0.6083074,1.6896353,15
11968,0.14697058,0.3127618,4.0406218,16
11969,0.73706174,0.4229741,4.2163424,17
11970,0.1658034,0.0965359,6.8620734,18
11971,0.5516167,0.44568455,3.543798,19
11972,0.099979274,0.4777171,2.4212015,20
11973,0.32076484,0.13616736,2.6176577,21
11974,0.09937129,0.14574483,3.4984305,22
11975,0.20872922,0.676696,1.8844995,23
11976,0.59648436,0.4168178,3.1567476,0
11977,0.17156322,0.4493556,1.68087,1
11978,0.80593956,0.5098116,4.1981125,2
11979,0.15907358,0.45443705,5.30785,3
11980,0.6489744,0.3557299,5.487192,4
11981,0.39726642,0.62122244,3.1542184,5
11982,0.50420094,0.6025482,3.5053768,6
11983,0.29722008,0.3658467,3.0535185,7
11984,0.8184452,0.372089,1.4964485,8
11985,0.48717558,0.84001994,3.1458185,9
11986,0.11021459,0.06076347,4.298466,10
11987,0.34149447,0.3448143,6.5323567,11
11988,0.11980116,0.2033413,4.4535933,12
11989,0.3154743,0.19262056,4.354228,13
11990,0.1537831,0.4964094,2.661168,14
11991,0.08222359,0.6159367,1.8696402,15
11992,0.26183212,0.122652404,4.376816,16
11993,0.7391053,0.5630033,4.3904443,17
11994,0.1737592,0.21521877,3.962587,18
11995,0.6685731,0.22393249,2.508181,19
11996,0.2771037,0.304998,3.8371325,20
11997,0.41438583,0.14749306,3.383936,21
11998,0.20095143,0.2576818,2.5602567,22
11999,0.10686983,0.7543218,2.311319,23
